{
	"class_name" : "PoseGraph",
	"edges" : 
	[
		{
			"class_name" : "PoseGraphEdge",
			"confidence" : 1.0,
			"information" : 
			[
				10227057.69403212,
				31.402568980554634,
				7447.2559622926237,
				0.0,
				-2769725.9292305708,
				-3496.051323563559,
				31.402568980554634,
				10227194.094331825,
				9001.9261460110429,
				2769725.9292305708,
				0.0,
				2855.3909068617504,
				7447.2559622926237,
				9001.9261460110429,
				5199187.8818591293,
				3496.051323563559,
				-2855.3909068617504,
				0.0,
				0.0,
				2769725.9292305708,
				3496.051323563559,
				1018675.0,
				0.0,
				0.0,
				-2769725.9292305708,
				0.0,
				-2855.3909068617504,
				0.0,
				1018675.0,
				0.0,
				-3496.051323563559,
				2855.3909068617504,
				0.0,
				0.0,
				0.0,
				1018675.0
			],
			"source_node_id" : 0,
			"target_node_id" : 1,
			"transformation" : 
			[
				0.99890039971878974,
				0.04688263188180837,
				-0.00010133842065688253,
				0.0,
				-0.046882630443283571,
				0.99890040478999564,
				1.652576000574572e-05,
				0.0,
				0.00010200176053785539,
				-1.1756576550033546e-05,
				0.99999999472871115,
				0.0,
				0.0029074131572748457,
				-0.00033037278920228745,
				-5.9746458067072792e-05,
				1.0
			],
			"uncertain" : false,
			"version_major" : 1,
			"version_minor" : 0
		},
		{
			"class_name" : "PoseGraphEdge",
			"confidence" : 1.0,
			"information" : 
			[
				10244006.751464555,
				71.314624044378434,
				5298.7295558844216,
				0.0,
				-2773016.1074597836,
				-3540.4976416681893,
				71.314624044378434,
				10244427.955973336,
				8777.6803736060974,
				2773016.1074597836,
				0.0,
				2592.7164898123592,
				5298.7295558844216,
				8777.6803736060974,
				5211530.5189986425,
				3540.4976416681893,
				-2592.7164898123592,
				0.0,
				0.0,
				2773016.1074597836,
				3540.4976416681893,
				1019444.0,
				0.0,
				0.0,
				-2773016.1074597836,
				0.0,
				-2592.7164898123592,
				0.0,
				1019444.0,
				0.0,
				-3540.4976416681893,
				2592.7164898123592,
				0.0,
				0.0,
				0.0,
				1019444.0
			],
			"source_node_id" : 1,
			"target_node_id" : 2,
			"transformation" : 
			[
				0.99900250954196079,
				0.044653951476415099,
				-0.00010269569765905723,
				0.0,
				-0.044653948566793708,
				0.99900251448629629,
				3.0454082133388917e-05,
				0.0,
				0.00010395315529416575,
				-2.5837936075753999e-05,
				0.99999999426307118,
				0.0,
				0.0023620716226663472,
				-0.00032148755445609125,
				-7.4017123119605094e-05,
				1.0
			],
			"uncertain" : false,
			"version_major" : 1,
			"version_minor" : 0
		},
		{
			"class_name" : "PoseGraphEdge",
			"confidence" : 1.0,
			"information" : 
			[
				10262280.278057141,
				-24.791267469956438,
				7464.7678120645851,
				0.0,
				-2777034.516278863,
				-4306.4517004576046,
				-24.791267469956438,
				10263235.788386649,
				10377.75554420246,
				2777034.516278863,
				0.0,
				3842.5884754776489,
				7464.7678120645851,
				10377.75554420246,
				5220770.4943698319,
				4306.4517004576046,
				-3842.5884754776489,
				0.0,
				0.0,
				2777034.516278863,
				4306.4517004576046,
				1020219.0,
				0.0,
				0.0,
				-2777034.516278863,
				0.0,
				-3842.5884754776489,
				0.0,
				1020219.0,
				0.0,
				-4306.4517004576046,
				3842.5884754776489,
				0.0,
				0.0,
				0.0,
				1020219.0
			],
			"source_node_id" : 2,
			"target_node_id" : 3,
			"transformation" : 
			[
				0.99907101852875346,
				0.04309386241765175,
				-0.00013768750103406016,
				0.0,
				-0.043093856985502513,
				0.99907102736038855,
				4.2180241829077514e-05,
				0.0,
				0.0001393773026509085,
				-3.6207571687712571e-05,
				0.99999998963148984,
				0.0,
				-0.0013142363775943812,
				-0.0007497790954761745,
				3.3461142913579737e-05,
				1.0
			],
			"uncertain" : false,
			"version_major" : 1,
			"version_minor" : 0
		},
		{
			"class_name" : "PoseGraphEdge",
			"confidence" : 1.0,
			"information" : 
			[
				10223230.943407251,
				-146.74929038913797,
				6562.0369633890587,
				0.0,
				-2766909.465549469,
				-3873.5755240158178,
				-146.74929038913797,
				10223777.915156748,
				8395.8974424966145,
				2766909.465549469,
				0.0,
				3749.8954471424222,
				6562.0369633890587,
				8395.8974424966145,
				5192300.6799361752,
				3873.5755240158178,
				-3749.8954471424222,
				0.0,
				0.0,
				2766909.465549469,
				3873.5755240158178,
				1015768.0,
				0.0,
				0.0,
				-2766909.465549469,
				0.0,
				-3749.8954471424222,
				0.0,
				1015768.0,
				0.0,
				-3873.5755240158178,
				3749.8954471424222,
				0.0,
				0.0,
				0.0,
				1015768.0
			],
			"source_node_id" : 3,
			"target_node_id" : 4,
			"transformation" : 
			[
				0.9988369333957543,
				0.048215693224527602,
				-0.00016556401693051088,
				0.0,
				-0.048215686258611973,
				0.99883694640305976,
				4.5812913659594617e-05,
				0.0,
				0.00016758035849582861,
				-3.7776847493636886e-05,
				0.99999998524486611,
				0.0,
				-0.00018077703850902536,
				-0.00078204216369538433,
				9.9762893220894904e-06,
				1.0
			],
			"uncertain" : false,
			"version_major" : 1,
			"version_minor" : 0
		},
		{
			"class_name" : "PoseGraphEdge",
			"confidence" : 1.0,
			"information" : 
			[
				10201489.836889679,
				-32.351765037175937,
				6668.8893343024956,
				0.0,
				-2759519.5204527378,
				-3669.4512972356752,
				-32.351765037175937,
				10201708.704394318,
				6881.9597259071015,
				2759519.5204527378,
				0.0,
				3744.6332871988416,
				6668.8893343024956,
				6881.9597259071015,
				5183538.3468842516,
				3669.4512972356752,
				-3744.6332871988416,
				0.0,
				0.0,
				2759519.5204527378,
				3669.4512972356752,
				1012256.0,
				0.0,
				0.0,
				-2759519.5204527378,
				0.0,
				-3744.6332871988416,
				0.0,
				1012256.0,
				0.0,
				-3669.4512972356752,
				3744.6332871988416,
				0.0,
				0.0,
				0.0,
				1012256.0
			],
			"source_node_id" : 4,
			"target_node_id" : 5,
			"transformation" : 
			[
				0.99876454381894553,
				0.04969264277002889,
				-0.0001651201514412646,
				0.0,
				-0.0496926387744627,
				0.99876455726838298,
				2.8215622954418932e-05,
				0.0,
				0.00016631826382233091,
				-1.9975507748682256e-05,
				0.99999998596960704,
				0.0,
				0.0015239273397720039,
				-0.00047286333181507413,
				-1.7052069739392346e-06,
				1.0
			],
			"uncertain" : false,
			"version_major" : 1,
			"version_minor" : 0
		},
		{
			"class_name" : "PoseGraphEdge",
			"confidence" : 1.0,
			"information" : 
			[
				10161195.200017927,
				0.90088728462615109,
				9825.351881481085,
				0.0,
				-2750915.7477378845,
				-4843.9731185755227,
				0.90088728462615109,
				10161302.196921678,
				9750.5281448594978,
				2750915.7477378845,
				0.0,
				4532.7115085772239,
				9825.351881481085,
				9750.5281448594978,
				5152410.0185796693,
				4843.9731185755227,
				-4532.7115085772239,
				0.0,
				0.0,
				2750915.7477378845,
				4843.9731185755227,
				1009182.0,
				0.0,
				0.0,
				-2750915.7477378845,
				0.0,
				-4532.7115085772239,
				0.0,
				1009182.0,
				0.0,
				-4843.9731185755227,
				4532.7115085772239,
				0.0,
				0.0,
				0.0,
				1009182.0
			],
			"source_node_id" : 5,
			"target_node_id" : 6,
			"transformation" : 
			[
				0.99845980232019693,
				0.055479641965545314,
				-0.00018021678310465954,
				0.0,
				-0.055479636568645331,
				0.9984598182772646,
				3.481296271204339e-05,
				0.0,
				0.00018187062721621572,
				-2.4760982237430358e-05,
				0.99999998315498484,
				0.0,
				-0.00031573865905443947,
				-0.0019612190235702904,
				0.00010374732543953468,
				1.0
			],
			"uncertain" : false,
			"version_major" : 1,
			"version_minor" : 0
		},
		{
			"class_name" : "PoseGraphEdge",
			"confidence" : 1.0,
			"information" : 
			[
				10148514.337683868,
				-6.0979002287758703,
				8731.3177686893323,
				0.0,
				-2748056.7645412683,
				-4820.6923692710698,
				-6.0979002287758703,
				10148589.438215487,
				9251.302573270048,
				2748056.7645412683,
				0.0,
				3576.9258081647567,
				8731.3177686893323,
				9251.302573270048,
				5143182.1320238709,
				4820.6923692710698,
				-3576.9258081647567,
				0.0,
				0.0,
				2748056.7645412683,
				4820.6923692710698,
				1008045.0,
				0.0,
				0.0,
				-2748056.7645412683,
				0.0,
				-3576.9258081647567,
				0.0,
				1008045.0,
				0.0,
				-4820.6923692710698,
				3576.9258081647567,
				0.0,
				0.0,
				0.0,
				1008045.0
			],
			"source_node_id" : 6,
			"target_node_id" : 7,
			"transformation" : 
			[
				0.99836359785971751,
				0.057184737631500039,
				-0.00017958456723451199,
				0.0,
				-0.057184736259045785,
				0.99836361400837237,
				1.2772060714982416e-05,
				0.0,
				0.00018002106450537675,
				-2.4816643739921599e-06,
				0.99999998379312827,
				0.0,
				0.0011585539330241439,
				-0.0022306920532252691,
				7.4499765473512138e-05,
				1.0
			],
			"uncertain" : false,
			"version_major" : 1,
			"version_minor" : 0
		},
		{
			"class_name" : "PoseGraphEdge",
			"confidence" : 1.0,
			"information" : 
			[
				10134772.812012536,
				-23.972176351396229,
				9176.1315066192747,
				0.0,
				-2745423.1013845205,
				-4195.4794822908007,
				-23.972176351396229,
				10134853.665613094,
				7437.9715777626843,
				2745423.1013845205,
				0.0,
				3180.835605538683,
				9176.1315066192747,
				7437.9715777626843,
				5131253.5199490702,
				4195.4794822908007,
				-3180.835605538683,
				0.0,
				0.0,
				2745423.1013845205,
				4195.4794822908007,
				1007146.0,
				0.0,
				0.0,
				-2745423.1013845205,
				0.0,
				-3180.835605538683,
				0.0,
				1007146.0,
				0.0,
				-4195.4794822908007,
				3180.835605538683,
				0.0,
				0.0,
				0.0,
				1007146.0
			],
			"source_node_id" : 7,
			"target_node_id" : 8,
			"transformation" : 
			[
				0.99823204351706596,
				0.059436932910512108,
				-0.00019570879969780733,
				0.0,
				-0.059436935690215464,
				0.99823206250099095,
				-8.4127166044365079e-06,
				0.0,
				0.0001948627726995225,
				2.0030174629224434e-05,
				0.99999998081364549,
				0.0,
				0.0021912918335303053,
				-0.0014314681711560162,
				0.00011537602779814074,
				1.0
			],
			"uncertain" : false,
			"version_major" : 1,
			"version_minor" : 0
		},
		{
			"class_name" : "PoseGraphEdge",
			"confidence" : 1.0,
			"information" : 
			[
				10146999.582281252,
				-46.454148357906888,
				11434.233112790762,
				0.0,
				-2748396.4634773731,
				-4341.2139983628877,
				-46.454148357906888,
				10147080.486179799,
				8148.1190766831278,
				2748396.4634773731,
				0.0,
				3459.7024224332999,
				11434.233112790762,
				8148.1190766831278,
				5140704.5738026584,
				4341.2139983628877,
				-3459.7024224332999,
				0.0,
				0.0,
				2748396.4634773731,
				4341.2139983628877,
				1008458.0,
				0.0,
				0.0,
				-2748396.4634773731,
				0.0,
				-3459.7024224332999,
				0.0,
				1008458.0,
				0.0,
				-4341.2139983628877,
				3459.7024224332999,
				0.0,
				0.0,
				0.0,
				1008458.0
			],
			"source_node_id" : 8,
			"target_node_id" : 9,
			"transformation" : 
			[
				0.9983365602984281,
				0.057654858219213595,
				-0.00017232302484535095,
				0.0,
				-0.05765486260843896,
				0.99833657470458748,
				-2.0608616371596717e-05,
				0.0,
				0.00017084819151184252,
				3.0509595502659024e-05,
				0.99999998494003017,
				0.0,
				0.0014572285579523246,
				-0.0017174066698245321,
				0.00013804584922879389,
				1.0
			],
			"uncertain" : false,
			"version_major" : 1,
			"version_minor" : 0
		},
		{
			"class_name" : "PoseGraphEdge",
			"confidence" : 1.0,
			"information" : 
			[
				10137141.052672887,
				15.023297652449401,
				10764.460265144509,
				0.0,
				-2747046.6947716475,
				-4037.2866664368194,
				15.023297652449401,
				10137169.855973599,
				7864.5880526256515,
				2747046.6947716475,
				0.0,
				2749.0036758705974,
				10764.460265144509,
				7864.5880526256515,
				5129631.3392683612,
				4037.2866664368194,
				-2749.0036758705974,
				0.0,
				0.0,
				2747046.6947716475,
				4037.2866664368194,
				1008202.0,
				0.0,
				0.0,
				-2747046.6947716475,
				0.0,
				-2749.0036758705974,
				0.0,
				1008202.0,
				0.0,
				-4037.2866664368194,
				2749.0036758705974,
				0.0,
				0.0,
				0.0,
				1008202.0
			],
			"source_node_id" : 9,
			"target_node_id" : 10,
			"transformation" : 
			[
				0.99821302712385362,
				0.059755555978337198,
				-0.00016127601802564672,
				0.0,
				-0.059755562146048637,
				0.99821303921419635,
				-3.3695181480860364e-05,
				0.0,
				0.00015897434980256464,
				4.3272108223296002e-05,
				0.99999998642734,
				0.0,
				0.0027664952884558212,
				-0.0022699287041191888,
				0.0001364271318430663,
				1.0
			],
			"uncertain" : false,
			"version_major" : 1,
			"version_minor" : 0
		},
		{
			"class_name" : "PoseGraphEdge",
			"confidence" : 1.0,
			"information" : 
			[
				10147989.083598331,
				105.77326546402219,
				10385.347619646545,
				0.0,
				-2750274.2546975613,
				-4005.9615792438854,
				105.77326546402219,
				10147995.72491971,
				8455.6616580698028,
				2750274.2546975613,
				0.0,
				2306.5712421545759,
				10385.347619646545,
				8455.6616580698028,
				5134240.5611964501,
				4005.9615792438854,
				-2306.5712421545759,
				0.0,
				0.0,
				2750274.2546975613,
				4005.9615792438854,
				1009627.0,
				0.0,
				0.0,
				-2750274.2546975613,
				0.0,
				-2306.5712421545759,
				0.0,
				1009627.0,
				0.0,
				-4005.9615792438854,
				2306.5712421545759,
				0.0,
				0.0,
				0.0,
				1009627.0
			],
			"source_node_id" : 10,
			"target_node_id" : 11,
			"transformation" : 
			[
				0.99826264999813796,
				0.058920773507675002,
				-0.00015513849553200419,
				0.0,
				-0.058920781572647588,
				0.99826266042616429,
				-4.7934804700585367e-05,
				0.0,
				0.00015204461151339333,
				5.6992406576299923e-05,
				0.99999998681715041,
				0.0,
				0.0039239458156626258,
				-0.0031901841891853518,
				0.00016418802835064118,
				1.0
			],
			"uncertain" : false,
			"version_major" : 1,
			"version_minor" : 0
		},
		{
			"class_name" : "PoseGraphEdge",
			"confidence" : 1.0,
			"information" : 
			[
				10556445.59711476,
				-1454.5430076791235,
				15459.741539871608,
				0.0,
				-2843040.1459619999,
				-740.65257975016721,
				-1454.5430076791235,
				10557953.554981006,
				225.81512018176727,
				2843040.1459619999,
				0.0,
				4607.4255061331205,
				15459.741539871608,
				225.81512018176727,
				5458495.7694987692,
				740.65257975016721,
				-4607.4255061331205,
				0.0,
				0.0,
				2843040.1459619999,
				740.65257975016721,
				1045701.0,
				0.0,
				0.0,
				-2843040.1459619999,
				0.0,
				-4607.4255061331205,
				0.0,
				1045701.0,
				0.0,
				-740.65257975016721,
				4607.4255061331205,
				0.0,
				0.0,
				0.0,
				1045701.0
			],
			"source_node_id" : 10,
			"target_node_id" : 55,
			"transformation" : 
			[
				0.99999956019769942,
				-0.00093573962740225655,
				6.3212001731601886e-05,
				0.0,
				0.00093574395618920816,
				0.99999955984638633,
				-6.8485633048943784e-05,
				0.0,
				-6.3147889187613822e-05,
				6.8544753177095832e-05,
				0.99999999565698083,
				0.0,
				-0.0014096041463126335,
				0.0015901873237548147,
				0.00011225396465868701,
				1.0
			],
			"uncertain" : true,
			"version_major" : 1,
			"version_minor" : 0
		},
		{
			"class_name" : "PoseGraphEdge",
			"confidence" : 1.0,
			"information" : 
			[
				10162861.668254871,
				142.33789966975928,
				18617.92393386364,
				0.0,
				-2755442.7023650408,
				-4477.234303005971,
				142.33789966975928,
				10163341.765718965,
				10606.563778038137,
				2755442.7023650408,
				0.0,
				5254.7440491670277,
				18617.92393386364,
				10606.563778038137,
				5139585.4987284821,
				4477.234303005971,
				-5254.7440491670277,
				0.0,
				0.0,
				2755442.7023650408,
				4477.234303005971,
				1012143.0,
				0.0,
				0.0,
				-2755442.7023650408,
				0.0,
				-5254.7440491670277,
				0.0,
				1012143.0,
				0.0,
				-4477.234303005971,
				5254.7440491670277,
				0.0,
				0.0,
				0.0,
				1012143.0
			],
			"source_node_id" : 11,
			"target_node_id" : 12,
			"transformation" : 
			[
				0.99831314083224554,
				0.058059054582470009,
				-0.00013792260908856706,
				0.0,
				-0.058059061286173011,
				0.99831314895080903,
				-4.5105285468859627e-05,
				0.0,
				0.00013507118395972447,
				5.3036856418374326e-05,
				0.99999998947143331,
				0.0,
				-0.00032202666557486854,
				-0.0026243869205003741,
				9.4236309548019281e-05,
				1.0
			],
			"uncertain" : false,
			"version_major" : 1,
			"version_minor" : 0
		},
		{
			"class_name" : "PoseGraphEdge",
			"confidence" : 1.0,
			"information" : 
			[
				10202942.016156591,
				22.626320764334196,
				16858.63304760035,
				0.0,
				-2765135.4341696501,
				-3814.4139790728223,
				22.626320764334196,
				10203583.729158944,
				9269.9461894360138,
				2765135.4341696501,
				0.0,
				4842.3163285921328,
				16858.63304760035,
				9269.9461894360138,
				5169887.4278074233,
				3814.4139790728223,
				-4842.3163285921328,
				0.0,
				0.0,
				2765135.4341696501,
				3814.4139790728223,
				1016128.0,
				0.0,
				0.0,
				-2765135.4341696501,
				0.0,
				-4842.3163285921328,
				0.0,
				1016128.0,
				0.0,
				-3814.4139790728223,
				4842.3163285921328,
				0.0,
				0.0,
				0.0,
				1016128.0
			],
			"source_node_id" : 12,
			"target_node_id" : 13,
			"transformation" : 
			[
				0.99862470195731101,
				0.052427930251375945,
				-0.00012949991612911228,
				0.0,
				-0.052427939426657938,
				0.99862470752284527,
				-6.8501000361470524e-05,
				0.0,
				0.00012573045019956714,
				7.5196204828325541e-05,
				0.99999998926869227,
				0.0,
				0.0020333963572122409,
				-0.0015997755081589777,
				8.8711007326773938e-05,
				1.0
			],
			"uncertain" : false,
			"version_major" : 1,
			"version_minor" : 0
		},
		{
			"class_name" : "PoseGraphEdge",
			"confidence" : 1.0,
			"information" : 
			[
				10170274.822741389,
				9.9432320465730299,
				13326.065165718745,
				0.0,
				-2758302.9547274113,
				-3770.9256361473817,
				9.9432320465730299,
				10170627.937253274,
				9685.9376653535292,
				2758302.9547274113,
				0.0,
				3954.9338608067483,
				13326.065165718745,
				9685.9376653535292,
				5147831.0445129247,
				3770.9256361473817,
				-3954.9338608067483,
				0.0,
				0.0,
				2758302.9547274113,
				3770.9256361473817,
				1014335.0,
				0.0,
				0.0,
				-2758302.9547274113,
				0.0,
				-3954.9338608067483,
				0.0,
				1014335.0,
				0.0,
				-3770.9256361473817,
				3954.9338608067483,
				0.0,
				0.0,
				0.0,
				1014335.0
			],
			"source_node_id" : 13,
			"target_node_id" : 14,
			"transformation" : 
			[
				0.99840434543593182,
				0.056469015875080512,
				-0.00011515532234694867,
				0.0,
				-0.056469020400608104,
				0.99840435115625326,
				-3.6431538225829686e-05,
				0.0,
				0.0001129143217795665,
				4.2876114322432069e-05,
				0.99999999270599715,
				0.0,
				0.0025045858719796037,
				-0.001318632242083424,
				6.4007117348961209e-05,
				1.0
			],
			"uncertain" : false,
			"version_major" : 1,
			"version_minor" : 0
		},
		{
			"class_name" : "PoseGraphEdge",
			"confidence" : 1.0,
			"information" : 
			[
				10201593.689324904,
				-74.491534100975201,
				12974.398082316875,
				0.0,
				-2764994.9988603592,
				-3815.0881100876722,
				-74.491534100975201,
				10201863.968708919,
				10037.138427177386,
				2764994.9988603592,
				0.0,
				4347.9131985495333,
				12974.398082316875,
				10037.138427177386,
				5176265.9969341327,
				3815.0881100876722,
				-4347.9131985495333,
				0.0,
				0.0,
				2764994.9988603592,
				3815.0881100876722,
				1017145.0,
				0.0,
				0.0,
				-2764994.9988603592,
				0.0,
				-4347.9131985495333,
				0.0,
				1017145.0,
				0.0,
				-3815.0881100876722,
				4347.9131985495333,
				0.0,
				0.0,
				0.0,
				1017145.0
			],
			"source_node_id" : 14,
			"target_node_id" : 15,
			"transformation" : 
			[
				0.99869078986935356,
				0.05115362592435465,
				-0.00011307041113622282,
				0.0,
				-0.05115363104141752,
				0.99869079508948522,
				-4.2834679864792891e-05,
				0.0,
				0.0001107312296083363,
				4.8562562360934641e-05,
				0.99999999269013606,
				0.0,
				0.0010849441136806194,
				-0.0004991991501341682,
				3.5795821559293041e-05,
				1.0
			],
			"uncertain" : false,
			"version_major" : 1,
			"version_minor" : 0
		},
		{
			"class_name" : "PoseGraphEdge",
			"confidence" : 1.0,
			"information" : 
			[
				10214088.220431246,
				48.264204668394086,
				5882.9072263035296,
				0.0,
				-2767192.0963153839,
				-3281.0319529804401,
				48.264204668394086,
				10214094.246235937,
				8401.7835237866893,
				2767192.0963153839,
				0.0,
				2271.4491108555812,
				5882.9072263035296,
				8401.7835237866893,
				5187855.0902744839,
				3281.0319529804401,
				-2271.4491108555812,
				0.0,
				0.0,
				2767192.0963153839,
				3281.0319529804401,
				1017840.0,
				0.0,
				0.0,
				-2767192.0963153839,
				0.0,
				-2271.4491108555812,
				0.0,
				1017840.0,
				0.0,
				-3281.0319529804401,
				2271.4491108555812,
				0.0,
				0.0,
				0.0,
				1017840.0
			],
			"source_node_id" : 15,
			"target_node_id" : 16,
			"transformation" : 
			[
				0.99880063094361282,
				0.04896212021089618,
				-0.00010203477634579094,
				0.0,
				-0.048962119853718421,
				0.99880063615491654,
				5.9970323401771048e-06,
				0.0,
				0.00010220602694244897,
				-9.9400073646816215e-07,
				0.99999999477647017,
				0.0,
				0.0039378148167442395,
				-0.00038533798540930903,
				-3.4678350144302674e-05,
				1.0
			],
			"uncertain" : false,
			"version_major" : 1,
			"version_minor" : 0
		},
		{
			"class_name" : "PoseGraphEdge",
			"confidence" : 1.0,
			"information" : 
			[
				8408434.1962822881,
				-40.238184567089775,
				17646.020823752817,
				0.0,
				-2330933.7465125322,
				-38985.923371496843,
				-40.238184567089775,
				8410878.4182778373,
				107992.89635017507,
				2330933.7465125322,
				0.0,
				6770.7614686253946,
				17646.020823752817,
				107992.89635017507,
				3848405.027235711,
				38985.923371496843,
				-6770.7614686253946,
				0.0,
				0.0,
				2330933.7465125322,
				38985.923371496843,
				841847.0,
				0.0,
				0.0,
				-2330933.7465125322,
				0.0,
				-6770.7614686253946,
				0.0,
				841847.0,
				0.0,
				-38985.923371496843,
				6770.7614686253946,
				0.0,
				0.0,
				0.0,
				841847.0
			],
			"source_node_id" : 15,
			"target_node_id" : 20,
			"transformation" : 
			[
				0.89913976314134747,
				0.43766161134578968,
				-1.7097588355603819e-05,
				0.0,
				-0.43766161091579636,
				0.89913976319397393,
				2.3959861264070355e-05,
				0.0,
				2.5859433033842014e-05,
				-1.4060305919480766e-05,
				0.99999999956679886,
				0.0,
				-0.028772815047410864,
				-0.081384981368066683,
				3.9718263674958334e-05,
				1.0
			],
			"uncertain" : true,
			"version_major" : 1,
			"version_minor" : 0
		},
		{
			"class_name" : "PoseGraphEdge",
			"confidence" : 1.0,
			"information" : 
			[
				10228150.164652871,
				19.46313432826355,
				5283.0251623980603,
				0.0,
				-2770224.3652672768,
				-3410.9863919646014,
				19.46313432826355,
				10228519.193126814,
				8487.8003626370628,
				2770224.3652672768,
				0.0,
				2561.6967695849016,
				5283.0251623980603,
				8487.8003626370628,
				5196975.8690246018,
				3410.9863919646014,
				-2561.6967695849016,
				0.0,
				0.0,
				2770224.3652672768,
				3410.9863919646014,
				1018638.0,
				0.0,
				0.0,
				-2770224.3652672768,
				0.0,
				-2561.6967695849016,
				0.0,
				1018638.0,
				0.0,
				-3410.9863919646014,
				2561.6967695849016,
				0.0,
				0.0,
				0.0,
				1018638.0
			],
			"source_node_id" : 16,
			"target_node_id" : 17,
			"transformation" : 
			[
				0.99887911149506892,
				0.047334032153221343,
				-0.00010009465252423616,
				0.0,
				-0.047334029510936716,
				0.99887911622577719,
				2.8605388358222437e-05,
				0.0,
				0.00010133646642463877,
				-2.3835441670763461e-05,
				0.99999999458139643,
				0.0,
				0.0023015803361519801,
				-0.00014321168736441113,
				-7.5521804377893013e-05,
				1.0
			],
			"uncertain" : false,
			"version_major" : 1,
			"version_minor" : 0
		},
		{
			"class_name" : "PoseGraphEdge",
			"confidence" : 1.0,
			"information" : 
			[
				10247633.623563088,
				-41.752727368901105,
				7444.1118639573115,
				0.0,
				-2774753.3943601847,
				-4193.1920731151477,
				-41.752727368901105,
				10248551.079520594,
				10180.848604458952,
				2774753.3943601847,
				0.0,
				3792.9340312520508,
				7444.1118639573115,
				10180.848604458952,
				5206891.8216274716,
				4193.1920731151477,
				-3792.9340312520508,
				0.0,
				0.0,
				2774753.3943601847,
				4193.1920731151477,
				1019744.0,
				0.0,
				0.0,
				-2774753.3943601847,
				0.0,
				-3792.9340312520508,
				0.0,
				1019744.0,
				0.0,
				-4193.1920731151477,
				3792.9340312520508,
				0.0,
				0.0,
				0.0,
				1019744.0
			],
			"source_node_id" : 17,
			"target_node_id" : 18,
			"transformation" : 
			[
				0.99895855536003153,
				0.045626579136145963,
				-0.00014124210237906286,
				0.0,
				-0.045626573547649187,
				0.99895856469453437,
				4.2540984724792941e-05,
				0.0,
				0.00014303600747310252,
				-3.6052287472049447e-05,
				0.99999998912046673,
				0.0,
				-0.0014808631751474584,
				-0.00069670991844329429,
				2.4107770529775271e-05,
				1.0
			],
			"uncertain" : false,
			"version_major" : 1,
			"version_minor" : 0
		},
		{
			"class_name" : "PoseGraphEdge",
			"confidence" : 1.0,
			"information" : 
			[
				10212534.082158847,
				-148.76611399555077,
				9313.2240791360127,
				0.0,
				-2765749.3630254269,
				-3985.7464055810124,
				-148.76611399555077,
				10213112.831417948,
				8913.3693087475549,
				2765749.3630254269,
				0.0,
				4707.2184149401728,
				9313.2240791360127,
				8913.3693087475549,
				5181410.5108301966,
				3985.7464055810124,
				-4707.2184149401728,
				0.0,
				0.0,
				2765749.3630254269,
				3985.7464055810124,
				1015853.0,
				0.0,
				0.0,
				-2765749.3630254269,
				0.0,
				-4707.2184149401728,
				0.0,
				1015853.0,
				0.0,
				-3985.7464055810124,
				4707.2184149401728,
				0.0,
				0.0,
				0.0,
				1015853.0
			],
			"source_node_id" : 18,
			"target_node_id" : 19,
			"transformation" : 
			[
				0.99873667806052957,
				0.050249532954557495,
				-0.00017981786837406184,
				0.0,
				-0.050249527098441535,
				0.99873669385967778,
				3.694080935980017e-05,
				0.0,
				0.00018144696177409844,
				-2.785837837522777e-05,
				0.99999998315045524,
				0.0,
				-0.0021275979686714006,
				-0.0004703133125059523,
				3.4887324227366587e-05,
				1.0
			],
			"uncertain" : false,
			"version_major" : 1,
			"version_minor" : 0
		},
		{
			"class_name" : "PoseGraphEdge",
			"confidence" : 1.0,
			"information" : 
			[
				10179171.88240041,
				-137.595832002137,
				11942.637012043997,
				0.0,
				-2757145.7417815924,
				-4263.8193978345953,
				-137.595832002137,
				10179449.024475243,
				9063.1963082854054,
				2757145.7417815924,
				0.0,
				5560.2237648284063,
				11942.637012043997,
				9063.1963082854054,
				5160790.4286300251,
				4263.8193978345953,
				-5560.2237648284063,
				0.0,
				0.0,
				2757145.7417815924,
				4263.8193978345953,
				1012432.0,
				0.0,
				0.0,
				-2757145.7417815924,
				0.0,
				-5560.2237648284063,
				0.0,
				1012432.0,
				0.0,
				-4263.8193978345953,
				5560.2237648284063,
				0.0,
				0.0,
				0.0,
				1012432.0
			],
			"source_node_id" : 19,
			"target_node_id" : 20,
			"transformation" : 
			[
				0.99854268722594786,
				0.05396728041122302,
				-0.00018556022857258827,
				0.0,
				-0.053967273898352437,
				0.99854270402092937,
				3.993182615750451e-05,
				0.0,
				0.00018744482445718835,
				-2.9859453317136219e-05,
				0.99999998198642548,
				0.0,
				-0.0025951992588440732,
				-0.00061976068441361607,
				7.2065724859758529e-05,
				1.0
			],
			"uncertain" : false,
			"version_major" : 1,
			"version_minor" : 0
		},
		{
			"class_name" : "PoseGraphEdge",
			"confidence" : 1.0,
			"information" : 
			[
				10169710.792495923,
				-40.595760721796296,
				10668.53526914195,
				0.0,
				-2753323.0951361656,
				-4058.2635671754833,
				-40.595760721796296,
				10169818.582816197,
				7728.641822362144,
				2753323.0951361656,
				0.0,
				4829.4018673822284,
				10668.53526914195,
				7728.641822362144,
				5158690.924388675,
				4058.2635671754833,
				-4829.4018673822284,
				0.0,
				0.0,
				2753323.0951361656,
				4058.2635671754833,
				1010363.0,
				0.0,
				0.0,
				-2753323.0951361656,
				0.0,
				-4829.4018673822284,
				0.0,
				1010363.0,
				0.0,
				-4058.2635671754833,
				4829.4018673822284,
				0.0,
				0.0,
				0.0,
				1010363.0
			],
			"source_node_id" : 20,
			"target_node_id" : 21,
			"transformation" : 
			[
				0.99852501618497713,
				0.054293291039203433,
				-0.00017493119878016385,
				0.0,
				-0.054293284451073648,
				0.99852503097469369,
				4.2195988350607517e-05,
				0.0,
				0.00017696413975660979,
				-3.2636160615992698e-05,
				0.99999998380928679,
				0.0,
				-0.00036347532474905337,
				-0.00064962206187648428,
				5.6581786908191148e-05,
				1.0
			],
			"uncertain" : false,
			"version_major" : 1,
			"version_minor" : 0
		},
		{
			"class_name" : "PoseGraphEdge",
			"confidence" : 1.0,
			"information" : 
			[
				10165372.71503181,
				12.156328336772276,
				10321.631478601632,
				0.0,
				-2751538.4873210192,
				-3813.2069485648535,
				12.156328336772276,
				10165426.570825815,
				6603.0110649655107,
				2751538.4873210192,
				0.0,
				4223.5496410194319,
				10321.631478601632,
				6603.0110649655107,
				5157913.0911388239,
				3813.2069485648535,
				-4223.5496410194319,
				0.0,
				0.0,
				2751538.4873210192,
				3813.2069485648535,
				1009347.0,
				0.0,
				0.0,
				-2751538.4873210192,
				0.0,
				-4223.5496410194319,
				0.0,
				1009347.0,
				0.0,
				-3813.2069485648535,
				4223.5496410194319,
				0.0,
				0.0,
				0.0,
				1009347.0
			],
			"source_node_id" : 21,
			"target_node_id" : 22,
			"transformation" : 
			[
				0.9985189128274734,
				0.054405435579981655,
				-0.00017118759426269409,
				0.0,
				-0.054405429983636476,
				0.9985189271143976,
				3.7183434935079556e-05,
				0.0,
				0.00017295703393248316,
				-2.781482835284058e-05,
				0.99999998465609996,
				0.0,
				0.0010215912887299088,
				-0.00038444348582959248,
				5.5628614145973443e-07,
				1.0
			],
			"uncertain" : false,
			"version_major" : 1,
			"version_minor" : 0
		},
		{
			"class_name" : "PoseGraphEdge",
			"confidence" : 1.0,
			"information" : 
			[
				10136368.574967405,
				-29.436743013013256,
				9009.1996816828832,
				0.0,
				-2745264.0653296709,
				-3313.2211422878318,
				-29.436743013013256,
				10136375.784949606,
				5057.7840037255082,
				2745264.0653296709,
				0.0,
				3147.8152787683066,
				9009.1996816828832,
				5057.7840037255082,
				5133393.7789439363,
				3313.2211422878318,
				-3147.8152787683066,
				0.0,
				0.0,
				2745264.0653296709,
				3313.2211422878318,
				1006831.0,
				0.0,
				0.0,
				-2745264.0653296709,
				0.0,
				-3147.8152787683066,
				0.0,
				1006831.0,
				0.0,
				-3313.2211422878318,
				3147.8152787683066,
				0.0,
				0.0,
				0.0,
				1006831.0
			],
			"source_node_id" : 22,
			"target_node_id" : 23,
			"transformation" : 
			[
				0.99825658733298428,
				0.059023308484391267,
				-0.00018682039326854339,
				0.0,
				-0.05902330626333005,
				0.9982566047943372,
				1.7384695907423455e-05,
				0.0,
				0.00018752079376005001,
				-6.3276299202412472e-06,
				0.99999998239795618,
				0.0,
				0.0028988055778271463,
				-0.00012898286253605929,
				1.4941151358059827e-05,
				1.0
			],
			"uncertain" : false,
			"version_major" : 1,
			"version_minor" : 0
		},
		{
			"class_name" : "PoseGraphEdge",
			"confidence" : 1.0,
			"information" : 
			[
				10155242.481901163,
				-24.571278064357102,
				10619.02271877251,
				0.0,
				-2748922.7161563635,
				-3708.696093618637,
				-24.571278064357102,
				10155264.837005794,
				6181.3812128695135,
				2748922.7161563635,
				0.0,
				3151.6693492121994,
				10619.02271877251,
				6181.3812128695135,
				5149575.7200493785,
				3708.696093618637,
				-3151.6693492121994,
				0.0,
				0.0,
				2748922.7161563635,
				3708.696093618637,
				1008052.0,
				0.0,
				0.0,
				-2748922.7161563635,
				0.0,
				-3151.6693492121994,
				0.0,
				1008052.0,
				0.0,
				-3708.696093618637,
				3151.6693492121994,
				0.0,
				0.0,
				0.0,
				1008052.0
			],
			"source_node_id" : 23,
			"target_node_id" : 24,
			"transformation" : 
			[
				0.99843284853474723,
				0.055962645555930432,
				-0.00017108234670067121,
				0.0,
				-0.055962647070642003,
				0.99843286309908452,
				-4.0756920125634125e-06,
				0.0,
				0.00017058615073456724,
				1.3643525774280885e-05,
				0.9999999853571091,
				0.0,
				0.002507452018381629,
				-0.0005755805075664006,
				8.2336838914098717e-05,
				1.0
			],
			"uncertain" : false,
			"version_major" : 1,
			"version_minor" : 0
		},
		{
			"class_name" : "PoseGraphEdge",
			"confidence" : 1.0,
			"information" : 
			[
				10163983.264971513,
				-78.381615715496991,
				6863.9076553761588,
				0.0,
				-2750130.2076485157,
				-3448.2510744850151,
				-78.381615715496991,
				10163892.825813198,
				5595.2268022258068,
				2750130.2076485157,
				0.0,
				1234.0626175401267,
				6863.9076553761588,
				5595.2268022258068,
				5156045.0786853554,
				3448.2510744850151,
				-1234.0626175401267,
				0.0,
				0.0,
				2750130.2076485157,
				3448.2510744850151,
				1008080.0,
				0.0,
				0.0,
				-2750130.2076485157,
				0.0,
				-1234.0626175401267,
				0.0,
				1008080.0,
				0.0,
				-3448.2510744850151,
				1234.0626175401267,
				0.0,
				0.0,
				0.0,
				1008080.0
			],
			"source_node_id" : 24,
			"target_node_id" : 25,
			"transformation" : 
			[
				0.99850218056277351,
				0.054711720030041641,
				-0.00015199585636098553,
				0.0,
				-0.05471172547953445,
				0.99850219132246754,
				-3.1926193293526393e-05,
				0.0,
				0.00015002145869927864,
				4.0194329187903677e-05,
				0.99999998793898925,
				0.0,
				0.0058595400287743179,
				-0.0013885058522374052,
				0.00015221991313815722,
				1.0
			],
			"uncertain" : false,
			"version_major" : 1,
			"version_minor" : 0
		},
		{
			"class_name" : "PoseGraphEdge",
			"confidence" : 1.0,
			"information" : 
			[
				10187774.017814683,
				-24.449098287615925,
				7513.6934985514981,
				0.0,
				-2756855.8930372,
				-3243.7574352677912,
				-24.449098287615925,
				10187619.240912024,
				5864.7513881516352,
				2756855.8930372,
				0.0,
				1186.5622475950513,
				7513.6934985514981,
				5864.7513881516352,
				5170329.7527764775,
				3243.7574352677912,
				-1186.5622475950513,
				0.0,
				0.0,
				2756855.8930372,
				3243.7574352677912,
				1011161.0,
				0.0,
				0.0,
				-2756855.8930372,
				0.0,
				-1186.5622475950513,
				0.0,
				1011161.0,
				0.0,
				-3243.7574352677912,
				1186.5622475950513,
				0.0,
				0.0,
				0.0,
				1011161.0
			],
			"source_node_id" : 25,
			"target_node_id" : 26,
			"transformation" : 
			[
				0.9986429404641235,
				0.052079347403384248,
				-0.00013796813321083812,
				0.0,
				-0.052079353127973509,
				0.99864294896447214,
				-3.8227146657210693e-05,
				0.0,
				0.00013579005856179341,
				4.5360561273204732e-05,
				0.99999998975173932,
				0.0,
				0.0064844100700182199,
				-0.0020369276227710609,
				0.00019367559767982689,
				1.0
			],
			"uncertain" : false,
			"version_major" : 1,
			"version_minor" : 0
		},
		{
			"class_name" : "PoseGraphEdge",
			"confidence" : 1.0,
			"information" : 
			[
				10534233.999355383,
				134.48758417228532,
				14795.325315985356,
				0.0,
				-2836882.4836893082,
				-3851.5792011865415,
				134.48758417228532,
				10534555.197486395,
				8617.9462911873707,
				2836882.4836893082,
				0.0,
				4427.7737497119233,
				14795.325315985356,
				8617.9462911873707,
				5445652.4854046255,
				3851.5792011865415,
				-4427.7737497119233,
				0.0,
				0.0,
				2836882.4836893082,
				3851.5792011865415,
				1043361.0,
				0.0,
				0.0,
				-2836882.4836893082,
				0.0,
				-4427.7737497119233,
				0.0,
				1043361.0,
				0.0,
				-3851.5792011865415,
				4427.7737497119233,
				0.0,
				0.0,
				0.0,
				1043361.0
			],
			"source_node_id" : 25,
			"target_node_id" : 55,
			"transformation" : 
			[
				0.99999159144168015,
				-0.0041006971888086913,
				-3.6448616302323588e-05,
				0.0,
				0.0041006973491407965,
				0.9999915920959247,
				4.3252165408361265e-06,
				0.0,
				3.6430573442325683e-05,
				-4.474644916330443e-06,
				0.99999999932639561,
				0.0,
				-4.0150782673137089e-05,
				-0.0002481647952258152,
				-2.539226230750987e-05,
				1.0
			],
			"uncertain" : true,
			"version_major" : 1,
			"version_minor" : 0
		},
		{
			"class_name" : "PoseGraphEdge",
			"confidence" : 1.0,
			"information" : 
			[
				10208657.525627399,
				99.580565126443616,
				18707.617912566464,
				0.0,
				-2764477.8417308331,
				-3871.0266179081518,
				99.580565126443616,
				10209197.426243462,
				8691.9728920754278,
				2764477.8417308331,
				0.0,
				5269.3982745255344,
				18707.617912566464,
				8691.9728920754278,
				5178977.9290020168,
				3871.0266179081518,
				-5269.3982745255344,
				0.0,
				0.0,
				2764477.8417308331,
				3871.0266179081518,
				1015149.0,
				0.0,
				0.0,
				-2764477.8417308331,
				0.0,
				-5269.3982745255344,
				0.0,
				1015149.0,
				0.0,
				-3871.0266179081518,
				5269.3982745255344,
				0.0,
				0.0,
				0.0,
				1015149.0
			],
			"source_node_id" : 26,
			"target_node_id" : 27,
			"transformation" : 
			[
				0.99871545731580746,
				0.050669661056551511,
				-0.00014410721911111806,
				0.0,
				-0.050669669101264893,
				0.99871546591243987,
				-5.2730121175579931e-05,
				0.0,
				0.00014125029110846876,
				5.9964252191651091e-05,
				0.99999998822632197,
				0.0,
				0.00032339233327917459,
				-0.0012200541156526248,
				0.00010351873183535059,
				1.0
			],
			"uncertain" : false,
			"version_major" : 1,
			"version_minor" : 0
		},
		{
			"class_name" : "PoseGraphEdge",
			"confidence" : 1.0,
			"information" : 
			[
				10217588.427672228,
				-1.8378474571291008,
				18347.352345524247,
				0.0,
				-2768290.515581131,
				-3669.006802337477,
				-1.8378474571291008,
				10218326.946839057,
				8815.1988713481696,
				2768290.515581131,
				0.0,
				5392.7362391541246,
				18347.352345524247,
				8815.1988713481696,
				5181978.7459912794,
				3669.006802337477,
				-5392.7362391541246,
				0.0,
				0.0,
				2768290.515581131,
				3669.006802337477,
				1017285.0,
				0.0,
				0.0,
				-2768290.515581131,
				0.0,
				-5392.7362391541246,
				0.0,
				1017285.0,
				0.0,
				-3669.006802337477,
				5392.7362391541246,
				0.0,
				0.0,
				0.0,
				1017285.0
			],
			"source_node_id" : 27,
			"target_node_id" : 28,
			"transformation" : 
			[
				0.99874037686296324,
				0.05017608869104577,
				-0.00014052506625771236,
				0.0,
				-0.050176097070947542,
				0.99874038471553295,
				-5.6753824949274728e-05,
				0.0,
				0.00013750037378219246,
				6.3733335883701584e-05,
				0.99999998851585414,
				0.0,
				0.0013259767664855096,
				-0.00082688784703366445,
				6.0562396626457772e-05,
				1.0
			],
			"uncertain" : false,
			"version_major" : 1,
			"version_minor" : 0
		},
		{
			"class_name" : "PoseGraphEdge",
			"confidence" : 1.0,
			"information" : 
			[
				10188095.629509913,
				-66.478230199155405,
				14061.16682323567,
				0.0,
				-2762063.1966319084,
				-3780.9679134045728,
				-66.478230199155405,
				10188444.68406379,
				9646.0577944114921,
				2762063.1966319084,
				0.0,
				4252.0099082647357,
				14061.16682323567,
				9646.0577944114921,
				5162556.8726344695,
