{
	"class_name" : "PoseGraph",
	"edges" : 
	[
		{
			"class_name" : "PoseGraphEdge",
			"confidence" : 1.0,
			"information" : 
			[
				1601.77586933318,
				1.3205036555807272,
				7.5968624613133624,
				0.0,
				-959.13533965450449,
				-2.7586084711457435,
				1.3205036555807272,
				1595.9946147197529,
				4.0767806338289789,
				959.13533965450449,
				0.0,
				3.646922474087563,
				7.5968624613133624,
				4.0767806338289789,
				84.153082696708282,
				2.7586084711457435,
				-3.646922474087563,
				0.0,
				0.0,
				959.13533965450449,
				2.7586084711457435,
				596.0,
				0.0,
				0.0,
				-959.13533965450449,
				0.0,
				-3.646922474087563,
				0.0,
				596.0,
				0.0,
				-2.7586084711457435,
				3.646922474087563,
				0.0,
				0.0,
				0.0,
				596.0
			],
			"source_node_id" : 0,
			"target_node_id" : 1,
			"transformation" : 
			[
				0.87562482292527277,
				0.3553820959292292,
				-0.32708521117597666,
				0.0,
				-0.35662559412008688,
				0.9324214734146411,
				0.058381345768704317,
				0.0,
				0.32572895955929426,
				0.065526802212665866,
				0.94318973865081956,
				0.0,
				-0.61492632279973658,
				-0.12324908174645068,
				0.10657224638668172,
				1.0
			],
			"uncertain" : false,
			"version_major" : 1,
			"version_minor" : 0
		},
		{
			"class_name" : "PoseGraphEdge",
			"confidence" : 0.96292913501915545,
			"information" : 
			[
				2106.6800922572634,
				6.4190678785363691,
				90.547440100531389,
				0.0,
				-1255.1424688974585,
				-18.046324641781389,
				6.4190678785363691,
				2103.2926334329618,
				30.639516293790404,
				1255.1424688974585,
				0.0,
				50.014172677125856,
				90.547440100531389,
				30.639516293790404,
				108.59812035802815,
				18.046324641781389,
				-50.014172677125856,
				0.0,
				0.0,
				1255.1424688974585,
				18.046324641781389,
				776.0,
				0.0,
				0.0,
				-1255.1424688974585,
				0.0,
				-50.014172677125856,
				0.0,
				776.0,
				0.0,
				-18.046324641781389,
				50.014172677125856,
				0.0,
				0.0,
				0.0,
				776.0
			],
			"source_node_id" : 0,
			"target_node_id" : 2,
			"transformation" : 
			[
				0.55158532396367266,
				0.56081675117365737,
				-0.61744489793901025,
				0.0,
				-0.59424466794498965,
				0.78366810592784397,
				0.1809352767439662,
				0.0,
				0.58534340775893212,
				0.26711209511081785,
				0.76552219016738521,
				0.0,
				-1.0595704752853423,
				-0.4947450301245484,
				0.4280604277647404,
				1.0
			],
			"uncertain" : true,
			"version_major" : 1,
			"version_minor" : 0
		},
		{
			"class_name" : "PoseGraphEdge",
			"confidence" : 0.99432507067999609,
			"information" : 
			[
				2138.3473633095323,
				-1.8904981677234574,
				-34.611508062416561,
				0.0,
				-1282.0105439927938,
				14.547034422721707,
				-1.8904981677234574,
				2127.3053949421633,
				-24.925687128783572,
				1282.0105439927938,
				0.0,
				-18.956445752931586,
				-34.611508062416561,
				-24.925687128783572,
				112.45507255271565,
				-14.547034422721707,
				18.956445752931586,
				0.0,
				0.0,
				1282.0105439927938,
				-14.547034422721707,
				799.0,
				0.0,
				0.0,
				-1282.0105439927938,
				0.0,
				18.956445752931586,
				0.0,
				799.0,
				0.0,
				14.547034422721707,
				-18.956445752931586,
				0.0,
				0.0,
				0.0,
				799.0
			],
			"source_node_id" : 0,
			"target_node_id" : 11,
			"transformation" : 
			[
				-0.87947346234893575,
				0.31677800522891736,
				-0.35521560273608888,
				0.0,
				-0.32557367717347974,
				-0.9448122333209984,
				-0.036491430483417173,
				0.0,
				-0.34717172948803571,
				0.083555605258866517,
				0.93407186611850768,
				0.0,
				0.65283518115614469,
				-0.14012128748108815,
				0.10106623722854646,
				1.0
			],
			"uncertain" : true,
			"version_major" : 1,
			"version_minor" : 0
		},
		{
			"class_name" : "PoseGraphEdge",
			"confidence" : 1.0,
			"information" : 
			[
				1804.6888408774944,
				-1.3184041638949757,
				30.524609527102715,
				0.0,
				-1079.2232133679342,
				-10.313042488259722,
				-1.3184041638949757,
				1800.6996185088224,
				16.721582198342137,
				1079.2232133679342,
				0.0,
				16.851666915151011,
				30.524609527102715,
				16.721582198342137,
				92.127798466228995,
				10.313042488259722,
				-16.851666915151011,
				0.0,
				0.0,
				1079.2232133679342,
				10.313042488259722,
				669.0,
				0.0,
				0.0,
				-1079.2232133679342,
				0.0,
				-16.851666915151011,
				0.0,
				669.0,
				0.0,
				-10.313042488259722,
				16.851666915151011,
				0.0,
				0.0,
				0.0,
				669.0
			],
			"source_node_id" : 1,
			"target_node_id" : 2,
			"transformation" : 
			[
				0.87449171212909094,
				0.35528041470521687,
				-0.33021216262339498,
				0.0,
				-0.35443260845758079,
				0.93281958811215637,
				0.065001093038679778,
				0.0,
				0.3311219888190543,
				0.060195041001371331,
				0.94166596283361348,
				0.0,
				-0.62340266318859694,
				-0.11403197310369859,
				0.10920675139680179,
				1.0
			],
			"uncertain" : false,
			"version_major" : 1,
			"version_minor" : 0
		},
		{
			"class_name" : "PoseGraphEdge",
			"confidence" : 1.0,
			"information" : 
			[
				1253.2070680866034,
				-0.065044215450946435,
				17.934718180922594,
				0.0,
				-758.65736298953743,
				-26.864662039078794,
				-0.065044215450946435,
				1238.2106077854353,
				44.91422472065176,
				758.65736298953743,
				0.0,
				11.505503162753168,
				17.934718180922594,
				44.91422472065176,
				65.612193891349563,
				26.864662039078794,
				-11.505503162753168,
				0.0,
				0.0,
				758.65736298953743,
				26.864662039078794,
				478.0,
				0.0,
				0.0,
				-758.65736298953743,
				0.0,
				-11.505503162753168,
				0.0,
				478.0,
				0.0,
				-26.864662039078794,
				11.505503162753168,
				0.0,
				0.0,
				0.0,
				478.0
			],
			"source_node_id" : 2,
			"target_node_id" : 3,
			"transformation" : 
			[
				0.88357421168208539,
				0.35647201345218554,
				-0.30368456673944516,
				0.0,
				-0.35705953413365676,
				0.93242354707777053,
				0.055631087884085037,
				0.0,
				0.30299356682054468,
				0.059279275301370511,
				0.95114713161797837,
				0.0,
				-0.58090038500442887,
				-0.112935895243977,
				0.092314853976900008,
				1.0
			],
			"uncertain" : false,
			"version_major" : 1,
			"version_minor" : 0
		},
		{
			"class_name" : "PoseGraphEdge",
			"confidence" : 1.0,
			"information" : 
			[
				1609.3269452572795,
				1.336056806146156,
				-0.28584245179753798,
				0.0,
				-962.75203094943731,
				4.2792628102458492,
				1.336056806146156,
				1602.8498441204122,
				-7.8784917966283254,
				962.75203094943731,
				0.0,
				-0.36684400438917331,
				-0.28584245179753798,
				-7.8784917966283254,
				83.801595660000217,
				-4.2792628102458492,
				0.36684400438917331,
				0.0,
				0.0,
				962.75203094943731,
				-4.2792628102458492,
				598.0,
				0.0,
				0.0,
				-962.75203094943731,
				0.0,
				0.36684400438917331,
				0.0,
				598.0,
				0.0,
				4.2792628102458492,
				-0.36684400438917331,
				0.0,
				0.0,
				0.0,
				598.0
			],
			"source_node_id" : 3,
			"target_node_id" : 4,
			"transformation" : 
			[
				0.87625538191514774,
				0.35515345757318129,
				-0.32564171606008024,
				0.0,
				-0.35597744154975797,
				0.93261437461154739,
				0.059249382913277013,
				0.0,
				0.32474076857152978,
				0.06400351429202969,
				0.94363498418924863,
				0.0,
				-0.61341744477273541,
				-0.12046783402506291,
				0.10634816177938217,
				1.0
			],
			"uncertain" : false,
			"version_major" : 1,
			"version_minor" : 0
		},
		{
			"class_name" : "PoseGraphEdge",
			"confidence" : 1.0,
			"information" : 
			[
				1740.649893497869,
				-1.4240322522552806,
				28.181846691487479,
				0.0,
				-1041.4154589590482,
				-10.393550067461309,
				-1.4240322522552806,
				1737.3925909236816,
				17.387807498301704,
				1041.4154589590482,
				0.0,
				15.456633041939931,
				28.181846691487479,
				17.387807498301704,
				89.452962594907746,
				10.393550067461309,
				-15.456633041939931,
				0.0,
				0.0,
				1041.4154589590482,
				10.393550067461309,
				646.0,
				0.0,
				0.0,
				-1041.4154589590482,
				0.0,
				-15.456633041939931,
				0.0,
				646.0,
				0.0,
				-10.393550067461309,
				15.456633041939931,
				0.0,
				0.0,
				0.0,
				646.0
			],
			"source_node_id" : 4,
			"target_node_id" : 5,
			"transformation" : 
			[
				0.87540604088593199,
				0.35169627005771398,
				-0.33162327603458303,
				0.0,
				-0.35197027431699862,
				0.93399441471685862,
				0.061411393689850165,
				0.0,
				0.33133244570617321,
				0.062961630420474868,
				0.94141098544533597,
				0.0,
				-0.62383018837170823,
				-0.11859813943529052,
				0.10934437142850643,
				1.0
			],
			"uncertain" : false,
			"version_major" : 1,
			"version_minor" : 0
		},
		{
			"class_name" : "PoseGraphEdge",
			"confidence" : 1.0,
			"information" : 
			[
				1229.2553921268689,
				0.37204908337987919,
				15.509295262086935,
				0.0,
				-745.22829428574516,
				-30.203666948919011,
				0.37204908337987919,
				1215.8396946222351,
				50.383282245143121,
				745.22829428574516,
				0.0,
				9.9220953555302263,
				15.509295262086935,
				50.383282245143121,
				64.847898983934869,
				30.203666948919011,
				-9.9220953555302263,
				0.0,
				0.0,
				745.22829428574516,
				30.203666948919011,
				470.0,
				0.0,
				0.0,
				-745.22829428574516,
				0.0,
				-9.9220953555302263,
				0.0,
				470.0,
				0.0,
				-30.203666948919011,
				9.9220953555302263,
				0.0,
				0.0,
				0.0,
				470.0
			],
			"source_node_id" : 5,
			"target_node_id" : 6,
			"transformation" : 
			[
				0.8868624718715532,
				0.34989709305313615,
				-0.30173992155304818,
				0.0,
				-0.35061652427591061,
				0.93497932015299412,
				0.053681689531212426,
				0.0,
				0.30090365383383932,
				0.058186726658323355,
				0.95187777364020509,
				0.0,
				-0.57201953116082882,
				-0.11050800790530037,
				0.089904490875882051,
				1.0
			],
			"uncertain" : false,
			"version_major" : 1,
			"version_minor" : 0
		},
		{
			"class_name" : "PoseGraphEdge",
			"confidence" : 1.0,
			"information" : 
			[
				1565.4549024016032,
				0.82941608380016285,
				-3.2427405743323887,
				0.0,
				-936.94028209224678,
				-18.535107570369888,
				0.82941608380016285,
				1559.5584078762836,
				30.620787345841062,
				936.94028209224678,
				0.0,
				-2.4713394876963561,
				-3.2427405743323887,
				30.620787345841062,
				82.155428706786836,
				18.535107570369888,
				2.4713394876963561,
				0.0,
				0.0,
				936.94028209224678,
				18.535107570369888,
				582.0,
				0.0,
				0.0,
				-936.94028209224678,
				0.0,
				2.4713394876963561,
				0.0,
				582.0,
				0.0,
				-18.535107570369888,
				-2.4713394876963561,
				0.0,
				0.0,
				0.0,
				582.0
			],
			"source_node_id" : 6,
			"target_node_id" : 7,
			"transformation" : 
			[
				0.87378225891696115,
				0.35910038666974448,
				-0.32795041743472936,
				0.0,
				-0.36042930478698176,
				0.93091739725761369,
				0.059021315928084267,
				0.0,
				0.32648932639941858,
				0.06663116220470694,
				0.94284940895696856,
				0.0,
				-0.61651358225381148,
				-0.12473288999229695,
				0.10595453635967962,
				1.0
			],
			"uncertain" : false,
			"version_major" : 1,
			"version_minor" : 0
		},
		{
			"class_name" : "PoseGraphEdge",
			"confidence" : 0.97518828054272066,
			"information" : 
			[
				2074.9413553997238,
				2.5240050346353287,
				113.73100974467758,
				0.0,
				-1235.0586325972504,
				-29.492537909013905,
				2.5240050346353287,
				2072.9116294684122,
				49.94869268032204,
				1235.0586325972504,
				0.0,
				65.035755462414002,
				113.73100974467758,
				49.94869268032204,
				106.91710774071852,
				29.492537909013905,
				-65.035755462414002,
				0.0,
				0.0,
				1235.0586325972504,
				29.492537909013905,
				762.0,
				0.0,
				0.0,
				-1235.0586325972504,
				0.0,
				-65.035755462414002,
				0.0,
				762.0,
				0.0,
				-29.492537909013905,
				65.035755462414002,
				0.0,
				0.0,
				0.0,
				762.0
			],
			"source_node_id" : 6,
			"target_node_id" : 8,
			"transformation" : 
			[
				0.5532306898605569,
				0.56413473316414675,
				-0.61293377018584105,
				0.0,
				-0.61676651270360516,
				0.77197058535213181,
				0.15381964815497706,
				0.0,
				0.55994184751976372,
				0.29293927389290819,
				0.77501723155504698,
				0.0,
				-1.0516135940263907,
				-0.5549929536196252,
				0.42242962321051714,
				1.0
			],
			"uncertain" : true,
			"version_major" : 1,
			"version_minor" : 0
		},
		{
			"class_name" : "PoseGraphEdge",
			"confidence" : 1.0,
			"information" : 
			[
				1756.947726967853,
				-0.78755257156995262,
				30.085172321609161,
				0.0,
				-1052.0685206668554,
				-9.374097713202536,
				-0.78755257156995262,
				1753.1576548858998,
				15.652554253900821,
				1052.0685206668554,
				0.0,
				16.63010672942567,
				30.085172321609161,
				15.652554253900821,
				89.414978535602884,
				9.374097713202536,
				-16.63010672942567,
				0.0,
				0.0,
				1052.0685206668554,
				9.374097713202536,
				653.0,
				0.0,
				0.0,
				-1052.0685206668554,
				0.0,
				-16.63010672942567,
				0.0,
				653.0,
				0.0,
				-9.374097713202536,
				16.63010672942567,
				0.0,
				0.0,
				0.0,
				653.0
			],
			"source_node_id" : 7,
			"target_node_id" : 8,
			"transformation" : 
			[
				0.87377922710768008,
				0.35534059543971991,
				-0.33202849803541151,
				0.0,
				-0.35456059508215515,
				0.93275892450964049,
				0.065173408401034,
				0.0,
				0.33286130248212076,
				0.06077705142704088,
				0.94101514511177853,
				0.0,
				-0.62600355556347365,
				-0.114992541738218,
				0.11023273469706177,
				1.0
			],
			"uncertain" : false,
			"version_major" : 1,
			"version_minor" : 0
		},
		{
			"class_name" : "PoseGraphEdge",
			"confidence" : 1.0,
			"information" : 
			[
				1239.3861697050784,
				0.63978770834093457,
				15.816124178643481,
				0.0,
				-750.62709411317257,
				-28.974980336543876,
				0.63978770834093457,
				1225.5823346006473,
				48.073456609017768,
				750.62709411317257,
				0.0,
				10.344527719596787,
				15.816124178643481,
				48.073456609017768,
				65.435745313365317,
				28.974980336543876,
				-10.344527719596787,
				0.0,
				0.0,
				750.62709411317257,
				28.974980336543876,
				473.0,
				0.0,
				0.0,
				-750.62709411317257,
				0.0,
				-10.344527719596787,
				0.0,
				473.0,
				0.0,
				-28.974980336543876,
				10.344527719596787,
				0.0,
				0.0,
				0.0,
				473.0
			],
			"source_node_id" : 8,
			"target_node_id" : 9,
			"transformation" : 
			[
				0.88631985993524498,
				0.3495714290123999,
				-0.30370532083352714,
				0.0,
				-0.35068642401071953,
				0.93500427822737076,
				0.052782873274266132,
				0.0,
				0.30241715873762948,
				0.059722824068710462,
				0.95130281529401517,
				0.0,
				-0.57094338395831268,
				-0.11352250994056387,
				0.091384882972057005,
				1.0
			],
			"uncertain" : false,
			"version_major" : 1,
			"version_minor" : 0
		},
		{
			"class_name" : "PoseGraphEdge",
			"confidence" : 1.0,
			"information" : 
			[
				1557.379554023538,
				1.2485412309833102,
				0.34307534464728084,
				0.0,
				-929.26029249470105,
				-17.988599430822642,
				1.2485412309833102,
				1549.4664940631542,
				29.531664291666662,
				929.26029249470105,
				0.0,
				-0.46579560059232933,
				0.34307534464728084,
				29.531664291666662,
				82.555396930997517,
				17.988599430822642,
				0.46579560059232933,
				0.0,
				0.0,
				929.26029249470105,
				17.988599430822642,
				576.0,
				0.0,
				0.0,
				-929.26029249470105,
				0.0,
				0.46579560059232933,
				0.0,
				576.0,
				0.0,
				-17.988599430822642,
				-0.46579560059232933,
				0.0,
				0.0,
				0.0,
				576.0
			],
			"source_node_id" : 9,
			"target_node_id" : 10,
			"transformation" : 
			[
				0.87570238221258756,
				0.35639702692334008,
				-0.32577062020292946,
				0.0,
				-0.35760346476376009,
				0.93204586845419402,
				0.058397440752349622,
				0.0,
				0.32444583488796958,
				0.065357924520855495,
				0.94364359899602657,
				0.0,
				-0.61236593768289038,
				-0.12276590160040984,
				0.10494625384036076,
				1.0
			],
			"uncertain" : false,
			"version_major" : 1,
			"version_minor" : 0
		},
		{
			"class_name" : "PoseGraphEdge",
			"confidence" : 0.96863595349203391,
			"information" : 
			[
				2116.265766666394,
				3.9358478017847536,
				112.48438848493778,
				0.0,
				-1260.6395972942107,
				-18.7368794274559,
				3.9358478017847536,
				2113.3424932513681,
				31.589057176233258,
				1260.6395972942107,
				0.0,
				63.91400279016257,
				112.48438848493778,
				31.589057176233258,
				109.22652945881154,
				18.7368794274559,
				-63.91400279016257,
				0.0,
				0.0,
				1260.6395972942107,
				18.7368794274559,
				779.0,
				0.0,
				0.0,
				-1260.6395972942107,
				0.0,
				-63.91400279016257,
				0.0,
				779.0,
				0.0,
				-18.7368794274559,
				63.91400279016257,
				0.0,
				0.0,
				0.0,
				779.0
			],
			"source_node_id" : 9,
			"target_node_id" : 11,
			"transformation" : 
			[
				0.57140390422018106,
				0.55179362124141429,
				-0.60747129792214971,
				0.0,
				-0.56222867482043914,
				0.80242524080453725,
				0.2000316228235765,
				0.0,
				0.59782647603764394,
				0.22723893257333172,
				0.76874311188546318,
				0.0,
				-1.1012538613104808,
				-0.42785082640924271,
				0.42047521258793541,
				1.0
			],
			"uncertain" : true,
			"version_major" : 1,
			"version_minor" : 0
		},
		{
			"class_name" : "PoseGraphEdge",
			"confidence" : 1.0,
			"information" : 
			[
				1769.2308801737663,
				-0.6701422981699483,
				31.909038924173469,
				0.0,
				-1058.1150822273842,
				-6.5054087519633157,
				-0.6701422981699483,
				1764.9973242798321,
				10.722622173616108,
				1058.1150822273842,
				0.0,
				17.946942286417148,
				31.909038924173469,
				10.722622173616108,
				89.943534963223541,
				6.5054087519633157,
				-17.946942286417148,
				0.0,
				0.0,
				1058.1150822273842,
				6.5054087519633157,
				656.0,
				0.0,
				0.0,
				-1058.1150822273842,
				0.0,
				-17.946942286417148,
				0.0,
				656.0,
				0.0,
				-6.5054087519633157,
				17.946942286417148,
				0.0,
				0.0,
				0.0,
				656.0
			],
			"source_node_id" : 10,
			"target_node_id" : 11,
			"transformation" : 
			[
				0.87501061320309337,
				0.35505124571640567,
				-0.3290821169513396,
				0.0,
				-0.35522524110377079,
				0.93273455322897791,
				0.061816513129653007,
				0.0,
				0.32889429132278136,
				0.062808169277324022,
				0.94227579774040537,
				0.0,
				-0.61962870559508665,
				-0.11817906058956865,
				0.10814647771040227,
				1.0
			],
			"uncertain" : false,
			"version_major" : 1,
			"version_minor" : 0
		}
	],
	"nodes" : 
	[
		{
			"class_name" : "PoseGraphNode",
			"pose" : 
			[
				0.99999999999999989,
				-1.5612511283791264e-17,
				0.0,
				0.0,
				-2.6020852139652106e-18,
				0.99999999999999989,
				0.0,
				0.0,
				0.0,
				0.0,
				0.99999999999999989,
				0.0,
				2.7755575615628914e-17,
				0.0,
				8.6736173798840355e-19,
				1.0
			],
			"version_major" : 1,
			"version_minor" : 0
		},
		{
			"class_name" : "PoseGraphNode",
			"pose" : 
			[
				0.87296979696129018,
				-0.3442647029673877,
				0.34555107854576156,
				0.0,
				0.33774091987217453,
				0.93774594612809703,
				0.081016119162894362,
				0.0,
				-0.35193011328566404,
				0.045982114034643889,
				0.9348961656524456,
				0.0,
				0.64798644119007465,
				-0.08005001047699345,
				0.11839060416111935,
				1.0
			],
			"version_major" : 1,
			"version_minor" : 0
		},
		{
			"class_name" : "PoseGraphNode",
			"pose" : 
			[
				0.52059104959736524,
				-0.61474556430379934,
				0.59251400848242919,
				0.0,
				0.58693524778704476,
				0.76166198069724667,
				0.27455061840306727,
				0.0,
				-0.62007416813174321,
				0.2048387617838715,
				0.75733025008022603,
				0.0,
				1.1378740306658464,
				-0.37306590485222318,
				0.44705881995691527,
				1.0
			],
			"version_major" : 1,
			"version_minor" : 0
		},
		{
			"class_name" : "PoseGraphNode",
			"pose" : 
			[
				0.0043730979734890874,
				-0.74041224068455969,
				0.67213881740201942,
				0.0,
				0.69375560797157854,
				0.48632811475252147,
				0.53121381872955897,
				0.0,
				-0.72019721772726897,
				0.46397702383386036,
				0.51579190467879177,
				0.0,
				1.3205221971969507,
				-0.85779471462128409,
				0.90568844748025046,
				1.0
			],
			"version_major" : 1,
			"version_minor" : 0
		},
		{
			"class_name" : "PoseGraphNode",
			"pose" : 
			[
				-0.51433275586621441,
				-0.64728640600421172,
				0.56256744026402339,
				0.0,
				0.58938089069293254,
				0.20972640251158386,
				0.78015703661221292,
				0.0,
				-0.62297028976434143,
				0.732826817666833,
				0.2736290799225003,
				0.0,
				1.1378068078491121,
				-1.3569138938811351,
				1.3583103944283537,
				1.0
			],
			"version_major" : 1,
			"version_minor" : 0
		},
		{
			"class_name" : "PoseGraphNode",
			"pose" : 
			[
				-0.88370321065004664,
				-0.36448928601151759,
				0.29362594549802845,
				0.0,
				0.31091270348856237,
				0.011790107725195065,
				0.95036534247059934,
				0.0,
				-0.34985986665553714,
				0.93113294096097854,
				0.10290539325579179,
				0.0,
				0.62849901233140759,
				-1.7221694645397996,
				1.6765795710540787,
				1.0
			],
			"version_major" : 1,
			"version_minor" : 0
		},
		{
			"class_name" : "PoseGraphNode",
			"pose" : 
			[
				-0.99762682444625195,
				0.014652305063437433,
				-0.067275769052581758,
				0.0,
				-0.067914058028283056,
				-0.048602237454323433,
				0.99650664987071913,
				0.0,
				0.011331366529231619,
				0.99871073513343289,
				0.049481993308864325,
				0.0,
				-0.041441195557363308,
				-1.8390870450203907,
				1.7744085772000808,
				1.0
			],
			"version_major" : 1,
			"version_minor" : 0
		},
		{
			"class_name" : "PoseGraphNode",
			"pose" : 
			[
				-0.84184356464488774,
				0.37087552151182246,
				-0.39211064791627659,
				0.0,
				-0.40207867933279756,
				0.053692755350000732,
				0.91402944353501026,
				0.0,
				0.36004464763690436,
				0.9271291364023988,
				0.10392023932688298,
				0.0,
				-0.69436027014087887,
				-1.7017044908036316,
				1.6721516463690533,
				1.0
			],
			"version_major" : 1,
			"version_minor" : 0
		},
		{
			"class_name" : "PoseGraphNode",
			"pose" : 
			[
				-0.47065579033728538,
				0.61220713621923906,
				-0.63536253382161467,
				0.0,
				-0.6347736119078462,
				0.26520614255757058,
				0.7257604036975307,
				0.0,
				0.61281774504941633,
				0.74489470686263515,
				0.26379212846590583,
				0.0,
				-1.1667059221246028,
				-1.3594329045188351,
				1.3718677215604222,
				1.0
			],
			"version_major" : 1,
			"version_minor" : 0
		},
		{
			"class_name" : "PoseGraphNode",
			"pose" : 
			[
				0.060314036706355378,
				0.68766936608537177,
				-0.72351438128341861,
				0.0,
				-0.70763379063965204,
				0.54067119614106196,
				0.45489457680692702,
				0.0,
				0.70400045122225596,
				0.48454669600683042,
				0.51922814259987538,
				0.0,
				-1.322707591411111,
				-0.87636224953732622,
				0.90330459804639307,
				1.0
			],
			"version_major" : 1,
			"version_minor" : 0
		},
		{
			"class_name" : "PoseGraphNode",
			"pose" : 
			[
				0.53375945293317961,
				0.58816519099432674,
				-0.60758748712188193,
				0.0,
				-0.5980261223661445,
				0.77053546675642792,
				0.22054444322667996,
				0.0,
				0.59788427255797938,
				0.2456355075575602,
				0.76301873768260076,
				0.0,
				-1.1253813711441287,
				-0.43162511575305973,
				0.45547228312374433,
				1.0
			],
			"version_major" : 1,
			"version_minor" : 0
		},
		{
			"class_name" : "PoseGraphNode",
			"pose" : 
			[
				0.87601564922884756,
				0.33500178738885161,
				-0.34694435397111723,
				0.0,
				-0.33527762746708567,
				0.94012885878521912,
				0.061209814566315884,
				0.0,
				0.34667779684629452,
				0.062701924416044622,
				0.93588619706047516,
				0.0,
				-0.65521139734061673,
				-0.093627833993350756,
				0.13874352511513224,
				1.0
			],
			"version_major" : 1,
			"version_minor" : 0
		}
	],
	"version_major" : 1,
	"version_minor" : 0
}