{
	"class_name" : "PoseGraph",
	"edges" : 
	[
		{
			"class_name" : "PoseGraphEdge",
			"confidence" : 1.0,
			"information" : 
			[
				27683.893343828015,
				26.347116061442453,
				334.16843928507592,
				0.0,
				-16780.484051750962,
				59.976959990279319,
				26.347116061442453,
				27572.88004460033,
				-106.47930318360326,
				16780.484051750962,
				0.0,
				194.3919960530533,
				334.16843928507592,
				-106.47930318360326,
				1356.517560443697,
				-59.976959990279319,
				-194.3919960530533,
				0.0,
				0.0,
				16780.484051750962,
				-59.976959990279319,
				10538.0,
				0.0,
				0.0,
				-16780.484051750962,
				0.0,
				-194.3919960530533,
				0.0,
				10538.0,
				0.0,
				59.976959990279319,
				194.3919960530533,
				0.0,
				0.0,
				0.0,
				10538.0
			],
			"source_node_id" : 0,
			"target_node_id" : 1,
			"transformation" : 
			[
				0.87407349605865081,
				0.35123258874478552,
				-0.33560570926526878,
				0.0,
				-0.35143665335519364,
				0.9341347324626027,
				0.062326401191817447,
				0.0,
				0.33539201267518198,
				0.063466291924596185,
				0.93993841693114755,
				0.0,
				-0.632082424796644,
				-0.11955596827817373,
				0.11142388844640336,
				1.0
			],
			"uncertain" : false,
			"version_major" : 1,
			"version_minor" : 0
		},
		{
			"class_name" : "PoseGraphEdge",
			"confidence" : 1.0,
			"information" : 
			[
				23664.057152475369,
				31.175204492312439,
				1535.4003514175911,
				0.0,
				-14385.868688757137,
				-69.629493260488005,
				31.175204492312439,
				23665.467670341481,
				109.56642388065499,
				14385.868688757137,
				0.0,
				908.82718758371254,
				1535.4003514175911,
				109.56642388065499,
				1099.4590038865279,
				69.629493260488005,
				-908.82718758371254,
				0.0,
				0.0,
				14385.868688757137,
				69.629493260488005,
				9038.0,
				0.0,
				0.0,
				-14385.868688757137,
				0.0,
				-908.82718758371254,
				0.0,
				9038.0,
				0.0,
				-69.629493260488005,
				908.82718758371254,
				0.0,
				0.0,
				0.0,
				9038.0
			],
			"source_node_id" : 0,
			"target_node_id" : 2,
			"transformation" : 
			[
				0.51545831654350294,
				0.61584275651269704,
				-0.59585268578481787,
				0.0,
				-0.61343346641689112,
				0.75070848884838748,
				0.24522672580844057,
				0.0,
				0.59833277211422686,
				0.23911182325810149,
				0.76473749077202435,
				0.0,
				-1.1253225768962649,
				-0.4506978241422514,
				0.44163456670323026,
				1.0
			],
			"uncertain" : true,
			"version_major" : 1,
			"version_minor" : 0
		},
		{
			"class_name" : "PoseGraphEdge",
			"confidence" : 1.0,
			"information" : 
			[
				26536.375737068582,
				-54.638107912056938,
				-432.87737726982755,
				0.0,
				-15949.787425825627,
				119.50390732694662,
				-54.638107912056938,
				26422.728347089702,
				-215.19916571825775,
				15949.787425825627,
				0.0,
				-238.03037997421504,
				-432.87737726982755,
				-215.19916571825775,
				1365.1537058593933,
				-119.50390732694662,
				238.03037997421504,
				0.0,
				0.0,
				15949.787425825627,
				-119.50390732694662,
				9953.0,
				0.0,
				0.0,
				-15949.787425825627,
				0.0,
				238.03037997421504,
				0.0,
				9953.0,
				0.0,
				119.50390732694662,
				-238.03037997421504,
				0.0,
				0.0,
				0.0,
				9953.0
			],
			"source_node_id" : 0,
			"target_node_id" : 11,
			"transformation" : 
			[
				-0.87225708257816614,
				0.35634558605320943,
				-0.33494089805907695,
				0.0,
				-0.3567231529281405,
				-0.93210445661418606,
				-0.062688708113817229,
				0.0,
				-0.33453874821496049,
				0.064800503550264996,
				0.94015143497332376,
				0.0,
				0.62881033648200935,
				-0.12580632840511735,
				0.11063860024502355,
				1.0
			],
			"uncertain" : true,
			"version_major" : 1,
			"version_minor" : 0
		},
		{
			"class_name" : "PoseGraphEdge",
			"confidence" : 1.0,
			"information" : 
			[
				33194.467079519338,
				-6.4434552781404184,
				815.65624614196747,
				0.0,
				-19994.838637078505,
				194.78464444036806,
				-6.4434552781404184,
				33173.232970252924,
				-342.6904834143578,
				19994.838637078505,
				0.0,
				472.98633204885851,
				815.65624614196747,
				-342.6904834143578,
				1634.1817904223178,
				-194.78464444036806,
				-472.98633204885851,
				0.0,
				0.0,
				19994.838637078505,
				-194.78464444036806,
				12463.0,
				0.0,
				0.0,
				-19994.838637078505,
				0.0,
				-472.98633204885851,
				0.0,
				12463.0,
				0.0,
				194.78464444036806,
				472.98633204885851,
				0.0,
				0.0,
				0.0,
				12463.0
			],
			"source_node_id" : 1,
			"target_node_id" : 2,
			"transformation" : 
			[
				0.87306866344020784,
				0.34875812846202447,
				-0.34076219970882071,
				0.0,
				-0.34849323780991304,
				0.93511160736299637,
				0.064177449121615507,
				0.0,
				0.3410330953433871,
				0.062722002572144386,
				0.93795649060809161,
				0.0,
				-0.64084850794692105,
				-0.117859719765233,
				0.11675387434651911,
				1.0
			],
			"uncertain" : false,
			"version_major" : 1,
			"version_minor" : 0
		},
		{
			"class_name" : "PoseGraphEdge",
			"confidence" : 1.0,
			"information" : 
			[
				23114.786922719632,
				5.3315747477918647,
				209.5412596807729,
				0.0,
				-14064.435179825703,
				3.9565738100324603,
				5.3315747477918647,
				22810.495299472394,
				-9.1349215937656574,
				14064.435179825703,
				0.0,
				136.27147399599102,
				209.5412596807729,
				-9.1349215937656574,
				1095.7285061869295,
				-3.9565738100324603,
				-136.27147399599102,
				0.0,
				0.0,
				14064.435179825703,
				-3.9565738100324603,
				8884.0,
				0.0,
				0.0,
				-14064.435179825703,
				0.0,
				-136.27147399599102,
				0.0,
				8884.0,
				0.0,
				3.9565738100324603,
				136.27147399599102,
				0.0,
				0.0,
				0.0,
				8884.0
			],
			"source_node_id" : 2,
			"target_node_id" : 3,
			"transformation" : 
			[
				0.88155519339840016,
				0.35250534562381469,
				-0.3140070417983376,
				0.0,
				-0.35389584819556713,
				0.9336885151171167,
				0.054621290430887232,
				0.0,
				0.3124390654547668,
				0.062974106147132738,
				0.94784813780094579,
				0.0,
				-0.59719468293112399,
				-0.11941895653583723,
				0.099650944787989304,
				1.0
			],
			"uncertain" : false,
			"version_major" : 1,
			"version_minor" : 0
		},
		{
			"class_name" : "PoseGraphEdge",
			"confidence" : 1.0,
			"information" : 
			[
				28797.486145895691,
				0.31411978218928027,
				192.06603704749941,
				0.0,
				-17357.765691184435,
				83.506351373608481,
				0.31411978218928027,
				28718.928298315124,
				-156.00684571008847,
				17357.765691184435,
				0.0,
				123.22771982634713,
				192.06603704749941,
				-156.00684571008847,
				1422.8970157870031,
				-83.506351373608481,
				-123.22771982634713,
				0.0,
				0.0,
				17357.765691184435,
				-83.506351373608481,
				10836.0,
				0.0,
				0.0,
				-17357.765691184435,
				0.0,
				-123.22771982634713,
				0.0,
				10836.0,
				0.0,
				83.506351373608481,
				123.22771982634713,
				0.0,
				0.0,
				0.0,
				10836.0
			],
			"source_node_id" : 3,
			"target_node_id" : 4,
			"transformation" : 
			[
				0.87501068500297319,
				0.35103184959060019,
				-0.33336607761383025,
				0.0,
				-0.35060784793113897,
				0.93435982158391107,
				0.063607081199970064,
				0.0,
				0.33381198016207092,
				0.061223887353604602,
				0.9406493488636406,
				0.0,
				-0.62955011392895577,
				-0.11583306691007607,
				0.11037981605664805,
				1.0
			],
			"uncertain" : false,
			"version_major" : 1,
			"version_minor" : 0
		},
		{
			"class_name" : "PoseGraphEdge",
			"confidence" : 1.0,
			"information" : 
			[
				33377.6645441117,
				-15.78806278604897,
				848.87026106743349,
				0.0,
				-20063.179877573926,
				201.69708987490995,
				-15.78806278604897,
				33378.82161067483,
				-358.47756290097152,
				20063.179877573926,
				0.0,
				490.78148783469123,
				848.87026106743349,
				-358.47756290097152,
				1663.7504519895358,
				-201.69708987490995,
				-490.78148783469123,
				0.0,
				0.0,
				20063.179877573926,
				-201.69708987490995,
				12476.0,
				0.0,
				0.0,
				-20063.179877573926,
				0.0,
				-490.78148783469123,
				0.0,
				12476.0,
				0.0,
				201.69708987490995,
				490.78148783469123,
				0.0,
				0.0,
				0.0,
				12476.0
			],
			"source_node_id" : 4,
			"target_node_id" : 5,
			"transformation" : 
			[
				0.87372763752766103,
				0.34864735382640072,
				-0.33918289769706916,
				0.0,
				-0.34881267531299914,
				0.93509577567456625,
				0.062654671466464307,
				0.0,
				0.33901288022923221,
				0.063568175885664296,
				0.93863163917121784,
				0.0,
				-0.63735460937088584,
				-0.11951257587346269,
				0.11522838271313809,
				1.0
			],
			"uncertain" : false,
			"version_major" : 1,
			"version_minor" : 0
		},
		{
			"class_name" : "PoseGraphEdge",
			"confidence" : 1.0,
			"information" : 
			[
				23093.342892803197,
				-5.760626677334491,
				172.52483496861191,
				0.0,
				-14028.666698246274,
				-16.968704622499565,
				-5.760626677334491,
				22782.492647648742,
				29.375967400227271,
				14028.666698246274,
				0.0,
				107.77588571997202,
				172.52483496861191,
				29.375967400227271,
				1104.7992979080259,
				16.968704622499565,
				-107.77588571997202,
				0.0,
				0.0,
				14028.666698246274,
				16.968704622499565,
				8849.0,
				0.0,
				0.0,
				-14028.666698246274,
				0.0,
				-107.77588571997202,
				0.0,
				8849.0,
				0.0,
				-16.968704622499565,
				107.77588571997202,
				0.0,
				0.0,
				0.0,
				8849.0
			],
			"source_node_id" : 5,
			"target_node_id" : 6,
			"transformation" : 
			[
				0.88117041539683083,
				0.35413256901187073,
				-0.31325520361907094,
				0.0,
				-0.35552365315245432,
				0.933062339336865,
				0.054750369499681144,
				0.0,
				0.31167552210352745,
				0.063125228524504029,
				0.94808943377996857,
				0.0,
				-0.59507534158112307,
				-0.11993437392772595,
				0.098927563644165786,
				1.0
			],
			"uncertain" : false,
			"version_major" : 1,
			"version_minor" : 0
		},
		{
			"class_name" : "PoseGraphEdge",
			"confidence" : 1.0,
			"information" : 
			[
				28649.674286663947,
				28.885543262323793,
				124.61734778143347,
				0.0,
				-17291.011129126498,
				12.620906398453897,
				28.885543262323793,
				28575.629520976931,
				-41.378765210456272,
				17291.011129126498,
				0.0,
				80.652024625041591,
				124.61734778143347,
				-41.378765210456272,
				1428.114703080947,
				-12.620906398453897,
				-80.652024625041591,
				0.0,
				0.0,
				17291.011129126498,
				-12.620906398453897,
				10808.0,
				0.0,
				0.0,
				-17291.011129126498,
				0.0,
				-80.652024625041591,
				0.0,
				10808.0,
				0.0,
				12.620906398453897,
				80.652024625041591,
				0.0,
				0.0,
				0.0,
				10808.0
			],
			"source_node_id" : 6,
			"target_node_id" : 7,
			"transformation" : 
			[
				0.87318799634276434,
				0.3531058181898295,
				-0.33594494222029947,
				0.0,
				-0.35430553174807994,
				0.93320513767439106,
				0.059964666186266329,
				0.0,
				0.33467941857189165,
				0.066666724672892655,
				0.93997086901976401,
				0.0,
				-0.63032172401864406,
				-0.12473989564208939,
				0.11151753333564493,
				1.0
			],
			"uncertain" : false,
			"version_major" : 1,
			"version_minor" : 0
		},
		{
			"class_name" : "PoseGraphEdge",
			"confidence" : 1.0,
			"information" : 
			[
				24429.785603830303,
				9.7366361149441651,
				1401.4748488747259,
				0.0,
				-14801.356669072315,
				-50.052987354276567,
				9.7366361149441651,
				24414.536605812045,
				65.989986825987771,
				14801.356669072315,
				0.0,
				827.92418040646419,
				1401.4748488747259,
				65.989986825987771,
				1151.6737311667314,
				50.052987354276567,
				-827.92418040646419,
				0.0,
				0.0,
				14801.356669072315,
				50.052987354276567,
				9270.0,
				0.0,
				0.0,
				-14801.356669072315,
				0.0,
				-827.92418040646419,
				0.0,
				9270.0,
				0.0,
				-50.052987354276567,
				827.92418040646419,
				0.0,
				0.0,
				0.0,
				9270.0
			],
			"source_node_id" : 6,
			"target_node_id" : 8,
			"transformation" : 
			[
				0.51495405133253069,
				0.61702697138549745,
				-0.59506305682595839,
				0.0,
				-0.61289887082394634,
				0.75034798703022343,
				0.24765474455867775,
				0.0,
				0.59931402382969945,
				0.23718266155546225,
				0.76456986986051279,
				0.0,
				-1.125663226116363,
				-0.44739557847841849,
				0.44089868159643875,
				1.0
			],
			"uncertain" : true,
			"version_major" : 1,
			"version_minor" : 0
		},
		{
			"class_name" : "PoseGraphEdge",
			"confidence" : 1.0,
			"information" : 
			[
				33445.037713448313,
				4.7886006076022438,
				802.91755685795431,
				0.0,
				-20079.701195918395,
				174.43182009549693,
				4.7886006076022438,
				33412.492849520851,
				-306.90641116128347,
				20079.701195918395,
				0.0,
				461.48721234406656,
				802.91755685795431,
				-306.90641116128347,
				1663.5213305450739,
				-174.43182009549693,
				-461.48721234406656,
				0.0,
				0.0,
				20079.701195918395,
				-174.43182009549693,
				12477.0,
				0.0,
				0.0,
				-20079.701195918395,
				0.0,
				-461.48721234406656,
				0.0,
				12477.0,
				0.0,
				174.43182009549693,
				461.48721234406656,
				0.0,
				0.0,
				0.0,
				12477.0
			],
			"source_node_id" : 7,
			"target_node_id" : 8,
			"transformation" : 
			[
				0.87306364550146309,
				0.35062368941605149,
				-0.33885527784582353,
				0.0,
				-0.35089171825202131,
				0.93431534718001275,
				0.06268838876571603,
				0.0,
				0.33857772071688519,
				0.064170557455677957,
				0.93874771189600448,
				0.0,
				-0.63615311709856026,
				-0.12051148629555986,
				0.11517995184402353,
				1.0
			],
			"uncertain" : false,
			"version_major" : 1,
			"version_minor" : 0
		},
		{
			"class_name" : "PoseGraphEdge",
			"confidence" : 1.0,
			"information" : 
			[
				23436.257203364297,
				3.9158964672558647,
				131.99874042783983,
				0.0,
				-14226.520370824546,
				-10.076103392712556,
				3.9158964672558647,
				23116.131099718281,
				18.438909574258489,
				14226.520370824546,
				0.0,
				81.958669952482197,
				131.99874042783983,
				18.438909574258489,
				1120.0068106307745,
				10.076103392712556,
				-81.958669952482197,
				0.0,
				0.0,
				14226.520370824546,
				10.076103392712556,
				8969.0,
				0.0,
				0.0,
				-14226.520370824546,
				0.0,
				-81.958669952482197,
				0.0,
				8969.0,
				0.0,
				-10.076103392712556,
				81.958669952482197,
				0.0,
				0.0,
				0.0,
				8969.0
			],
			"source_node_id" : 8,
			"target_node_id" : 9,
			"transformation" : 
			[
				0.88166030173680354,
				0.35358264420819463,
				-0.31249708167614798,
				0.0,
				-0.35514177071160563,
				0.93325281971696639,
				0.053976820822992704,
				0.0,
				0.31072404966013362,
				0.063391546795083187,
				0.9483839289853746,
				0.0,
				-0.59246434634306067,
				-0.11998348758330184,
				0.098114429969386158,
				1.0
			],
			"uncertain" : false,
			"version_major" : 1,
			"version_minor" : 0
		},
		{
			"class_name" : "PoseGraphEdge",
			"confidence" : 1.0,
			"information" : 
			[
				28334.426917767367,
				25.474927875443331,
				181.01966882323518,
				0.0,
				-17077.500710180931,
				68.694654028853776,
				25.474927875443331,
				28257.812591432477,
				-138.4808843375472,
				17077.500710180931,
				0.0,
				117.04037128721016,
				181.01966882323518,
				-138.4808843375472,
				1411.4492528760395,
				-68.694654028853776,
				-117.04037128721016,
				0.0,
				0.0,
				17077.500710180931,
				-68.694654028853776,
				10662.0,
				0.0,
				0.0,
				-17077.500710180931,
				0.0,
				-117.04037128721016,
				0.0,
				10662.0,
				0.0,
				68.694654028853776,
				117.04037128721016,
				0.0,
				0.0,
				0.0,
				10662.0
			],
			"source_node_id" : 9,
			"target_node_id" : 10,
			"transformation" : 
			[
				0.87394613567039925,
				0.35075442941273643,
				-0.33643644599555605,
				0.0,
				-0.35126715076697856,
				0.93425067760268432,
				0.061539094817665736,
				0.0,
				0.33590108773093302,
				0.064397217690474046,
				0.93969327847702555,
				0.0,
				-0.63206640922884538,
				-0.12093173469431398,
				0.11171478682844978,
				1.0
			],
			"uncertain" : false,
			"version_major" : 1,
			"version_minor" : 0
		},
		{
			"class_name" : "PoseGraphEdge",
			"confidence" : 1.0,
			"information" : 
			[
				24233.581346685642,
				13.822890779990264,
				1421.5828830585444,
				0.0,
				-14677.083016517727,
				-15.928729585443557,
				13.822890779990264,
				24234.283359794837,
				6.1272937430013288,
				14677.083016517727,
				0.0,
				840.29820877786017,
				1421.5828830585444,
				6.1272937430013288,
				1143.7405528320244,
				15.928729585443557,
				-840.29820877786017,
				0.0,
				0.0,
				14677.083016517727,
				15.928729585443557,
				9188.0,
				0.0,
				0.0,
				-14677.083016517727,
				0.0,
				-840.29820877786017,
				0.0,
				9188.0,
				0.0,
				-15.928729585443557,
				840.29820877786017,
				0.0,
				0.0,
				0.0,
				9188.0
			],
			"source_node_id" : 9,
			"target_node_id" : 11,
			"transformation" : 
			[
				0.5177864088504216,
				0.61166508534994424,
				-0.5981329769989524,
				0.0,
				-0.6132461318662713,
				0.75285945228108708,
				0.23902264926587505,
				0.0,
				0.59651187461846877,
				0.2430400552889731,
				0.76492163975422567,
				0.0,
				-1.1210414379921814,
				-0.45613135994643733,
				0.43992815719832284,
				1.0
			],
			"uncertain" : true,
			"version_major" : 1,
			"version_minor" : 0
		},
		{
			"class_name" : "PoseGraphEdge",
			"confidence" : 1.0,
			"information" : 
			[
				33136.696787675915,
				0.6706048523441136,
				773.45606183124994,
				0.0,
				-19941.616587495144,
				180.80471452399226,
				0.6706048523441136,
				33128.061914848913,
				-319.41772730833969,
				19941.616587495144,
				0.0,
				446.54510904496306,
				773.45606183124994,
				-319.41772730833969,
				1643.5258794958777,
				-180.80471452399226,
				-446.54510904496306,
				0.0,
				0.0,
				19941.616587495144,
				-180.80471452399226,
				12417.0,
				0.0,
				0.0,
				-19941.616587495144,
				0.0,
				-446.54510904496306,
				0.0,
				12417.0,
				0.0,
				180.80471452399226,
				446.54510904496306,
				0.0,
				0.0,
				0.0,
				12417.0
			],
			"source_node_id" : 10,
			"target_node_id" : 11,
			"transformation" : 
			[
				0.87349484111810516,
				0.35019575848519663,
				-0.33818588568867591,
				0.0,
				-0.35107680560966725,
				0.93437292668617844,
				0.060764384624698797,
				0.0,
				0.33727116553741787,
				0.065651843956465658,
				0.93911553936783987,
				0.0,
				-0.63429518702161947,
				-0.12325096096058244,
				0.11423581352919221,
				1.0
			],
			"uncertain" : false,
			"version_major" : 1,
			"version_minor" : 0
		}
	],
	"nodes" : 
	[
		{
			"class_name" : "PoseGraphNode",
			"pose" : 
			[
				1.0,
				0.0,
				0.0,
				0.0,
				0.0,
				1.0,
				0.0,
				0.0,
				0.0,
				0.0,
				1.0,
				0.0,
				0.0,
				0.0,
				0.0,
				1.0
			],
			"version_major" : 1,
			"version_minor" : 0
		},
		{
			"class_name" : "PoseGraphNode",
			"pose" : 
			[
				0.87407349605865059,
				-0.35143665335519331,
				0.33539201267518215,
				0.0,
				0.3512325887447858,
				0.9341347324626027,
				0.063466291924596241,
				0.0,
				-0.335605709265269,
				0.062326401191817406,
				0.93993841693114843,
				0.0,
				0.63187294018861351,
				-0.11740019954699182,
				0.11485157729860096,
				1.0
			],
			"version_major" : 1,
			"version_minor" : 0
		},
		{
			"class_name" : "PoseGraphNode",
			"pose" : 
			[
				0.52627134303076117,
				-0.61111260117524846,
				0.59125279042844381,
				0.0,
				0.61223204508331397,
				0.7548630783654573,
				0.23527357670109933,
				0.0,
				-0.59009354892059507,
				0.23816616385508382,
				0.7714055236494306,
				0.0,
				1.1101863504732807,
				-0.44786966968876663,
				0.43141974010390216,
				1.0
			],
			"version_major" : 1,
			"version_minor" : 0
		},
		{
			"class_name" : "PoseGraphNode",
			"pose" : 
			[
				0.062902579742615289,
				-0.73145998304907733,
				0.67897684692452409,
				0.0,
				0.71998687696145758,
				0.50438482934669449,
				0.47667057904614907,
				0.0,
				-0.69113107473547386,
				0.45887061043691701,
				0.55836869576673276,
				0.0,
				1.3026033827741836,
				-0.87018746219495713,
				0.83818263800839965,
				1.0
			],
			"version_major" : 1,
			"version_minor" : 0
		},
		{
			"class_name" : "PoseGraphNode",
			"pose" : 
			[
				-0.42810045269006736,
				-0.6637000732582703,
				0.61337771003153285,
				0.0,
				0.65249388774535322,
				0.24260501097005088,
				0.71790983772836858,
				0.0,
				-0.62528531796413767,
				0.70756273319698448,
				0.3292009260760077,
				0.0,
				1.177691940547541,
				-1.3380188807997668,
				1.2711552058432778,
				1.0
			],
			"version_major" : 1,
			"version_minor" : 0
		},
		{
			"class_name" : "PoseGraphNode",
			"pose" : 
			[
				-0.81362111237132562,
				-0.4246439198317089,
				0.39711236048958343,
				0.0,
				0.42113994101080959,
				0.040440118913699329,
				0.90609367444412459,
				0.0,
				-0.40082644073097096,
				0.90445681938509737,
				0.14593158081353239,
				0.0,
				0.75564487596370256,
				-1.7080536341974353,
				1.6157307282110194,
				1.0
			],
			"version_major" : 1,
			"version_minor" : 0
		},
		{
			"class_name" : "PoseGraphNode",
			"pose" : 
			[
				-0.99159185406817207,
				-0.10666402664201838,
				0.073269232056568379,
				0.0,
				0.079517823151574643,
				-0.055553046874366484,
				0.99528426832951022,
				0.0,
				-0.10209069863059568,
				0.99274198279486814,
				0.063567639956442892,
				0.0,
				0.18520951911706146,
				-1.8763990318676822,
				1.7724116453591829,
				1.0
			],
			"version_major" : 1,
			"version_minor" : 0
		},
		{
			"class_name" : "PoseGraphNode",
			"pose" : 
			[
				-0.92818736451804773,
				0.25879531370134623,
				-0.26738212721732851,
				0.0,
				-0.28273646433664779,
				-0.023323220717269874,
				0.9589140311361537,
				0.0,
				0.24192624513155842,
				0.96565056463588084,
				0.094819190752444882,
				0.0,
				-0.46209467586006875,
				-1.8238710287181796,
				1.7129157158678483,
				1.0
			],
			"version_major" : 1,
			"version_minor" : 0
		},
		{
			"class_name" : "PoseGraphNode",
			"pose" : 
			[
				-0.62924592373269839,
				0.56107647219483392,
				-0.5378129412864493,
				0.0,
				-0.57408495404057214,
				0.13091485967181352,
				0.80826218831598529,
				0.0,
				0.52390460296701191,
				0.81734600498596077,
				0.23972791894868822,
				0.0,
				-0.99191856967613745,
				-1.545305611177735,
				1.4405773643228117,
				1.0
			],
			"version_major" : 1,
			"version_minor" : 0
		},
		{
			"class_name" : "PoseGraphNode",
			"pose" : 
			[
				-0.18810984399847128,
				0.70215457733917941,
				-0.68672675505801262,
				0.0,
				-0.7250457165309413,
				0.37237639209606777,
				0.57934836803917267,
				0.0,
				0.66251293989703208,
				0.60688942331462181,
				0.43904650361645631,
				0.0,
				-1.2553625386134428,
				-1.1441696500882812,
				1.0601516865617289,
				1.0
			],
			"version_major" : 1,
			"version_minor" : 0
		},
		{
			"class_name" : "PoseGraphNode",
			"pose" : 
			[
				0.31282568892483126,
				0.68669650266816673,
				-0.65619204625781136,
				0.0,
				-0.70069082294725071,
				0.63325871508037568,
				0.32865752754540167,
				0.0,
				0.6412273068001797,
				0.35697522742910365,
				0.67926153138222467,
				0.0,
				-1.2140062572913457,
				-0.67343019392712378,
				0.60925630386630358,
				1.0
			],
			"version_major" : 1,
			"version_minor" : 0
		},
		{
			"class_name" : "PoseGraphNode",
			"pose" : 
			[
				0.73551540242430269,
				0.4979008567025871,
				-0.45946907370512774,
				0.0,
				-0.50305855044601311,
				0.85561408348768875,
				0.12188779660276806,
				0.0,
				0.45381624873925969,
				0.14148949442397601,
				0.87979062017497556,
				0.0,
				-0.86131689568274494,
				-0.26832198640682331,
				0.23233647265947752,
				1.0
			],
			"version_major" : 1,
			"version_minor" : 0
		}
	],
	"version_major" : 1,
	"version_minor" : 0
}