0 0 1
1.00000000 0.00000000 0.00000000 0.00000000
-0.00000000 1.00000000 0.00000000 -0.00000000
-0.00000000 0.00000000 1.00000000 0.00000000
0.00000000 0.00000000 0.00000000 1.00000000
1 1 2
0.99471881 0.07380376 -0.07132662 0.13437360
-0.07384159 0.99726775 0.00210983 -0.00400048
0.07128745 0.00316818 0.99745078 0.00485072
0.00000000 0.00000000 0.00000000 1.00000000
2 2 3
0.97892158 0.14669849 -0.14209888 0.26766473
-0.14680823 0.98911673 0.00976909 -0.01847381
0.14198549 0.01129811 0.98980426 0.01945851
0.00000000 0.00000000 0.00000000 1.00000000
3 3 4
0.95290244 0.21792922 -0.21091183 0.39733288
-0.21819020 0.97565085 0.02232616 -0.04220432
0.21064183 0.02474424 0.97725009 0.04341150
0.00000000 0.00000000 0.00000000 1.00000000
4 4 5
0.91690772 0.28658712 -0.27775540 0.52306450
-0.28711134 0.95707366 0.03971257 -0.07506006
0.27721349 0.04333396 0.95983064 0.07659157
0.00000000 0.00000000 0.00000000 1.00000000
5 5 6
0.86751141 0.35764246 -0.34571062 0.64881537
-0.35826923 0.93138711 0.06450750 -0.12209595
0.34506104 0.06789649 0.93612123 0.12256581
0.00000000 0.00000000 0.00000000 1.00000000
6 6 7
0.81207876 0.41878925 -0.40637870 0.76260638
-0.41985876 0.90296303 0.09152257 -0.17306745
0.40527361 0.09629812 0.90910944 0.17372240
0.00000000 0.00000000 0.00000000 1.00000000
7 7 8
0.74843989 0.47566464 -0.46214812 0.86734920
-0.47704601 0.87021473 0.12309930 -0.23256537
0.46072208 0.12833349 0.87821733 0.23210896
0.00000000 0.00000000 0.00000000 1.00000000
8 8 9
0.67705369 0.52804551 -0.51260730 0.96241020
-0.52941460 0.83330229 0.15914604 -0.30042425
0.51119319 0.16363138 0.84374539 0.29712504
0.00000000 0.00000000 0.00000000 1.00000000
9 9 10
0.59849850 0.57520703 -0.55761672 1.04742942
-0.57613852 0.79267972 0.19930699 -0.37600452
0.55665425 0.20197954 0.80581655 0.36851843
0.00000000 0.00000000 0.00000000 1.00000000
10 10 11
0.50560130 0.61796097 -0.60207272 1.12924130
-0.61808603 0.74631194 0.24695779 -0.46454107
0.60194433 0.24727056 0.75928933 0.45439145
0.00000000 0.00000000 0.00000000 1.00000000
11 11 12
0.41545325 0.65216858 -0.63409364 1.19006670
-0.65252021 0.69935185 0.29176079 -0.54882173
0.63373178 0.29254595 0.71610118 0.53548853
0.00000000 0.00000000 0.00000000 1.00000000
12 12 13
0.32317703 0.67930144 -0.65886733 1.23731436
-0.68139771 0.65017442 0.33611066 -0.63272308
0.65669914 0.34032744 0.67299589 0.61693346
0.00000000 0.00000000 0.00000000 1.00000000
13 13 14
0.22509951 0.69995090 -0.67778976 1.27330862
-0.70245361 0.59865185 0.38493491 -0.72463054
0.67519563 0.38946720 0.62643927 0.70459593
0.00000000 0.00000000 0.00000000 1.00000000
14 14 15
0.12427651 0.71316647 -0.68989053 1.29641346
-0.71582328 0.54592173 0.43539235 -0.81966197
0.68713346 0.43973066 0.57834640 0.79523489
0.00000000 0.00000000 0.00000000 1.00000000
15 15 16
0.00659843 0.71350484 -0.70061923 1.31202963
-0.72674518 0.48468079 0.48675043 -0.91754320
0.68687546 0.50595986 0.52173433 0.90263350
0.00000000 0.00000000 0.00000000 1.00000000
16 16 17
-0.09575306 0.71018097 -0.69747713 1.30610856
-0.72444292 0.43082066 0.53812267 -1.01466248
0.68265203 0.55680926 0.47323318 0.99444122
0.00000000 0.00000000 0.00000000 1.00000000
17 17 18
-0.19690914 0.69920340 -0.68727098 1.28670503
-0.71462612 0.37755984 0.58886168 -1.11062481
0.67122001 0.60709403 0.42532403 1.08513439
0.00000000 0.00000000 0.00000000 1.00000000
18 18 19
-0.29570022 0.68079275 -0.67013626 1.25412964
-0.69751017 0.32545089 0.63840527 -1.20450536
0.65271812 0.65620343 0.37862397 1.17375185
0.00000000 0.00000000 0.00000000 1.00000000
19 19 20
-0.39139460 0.65520404 -0.64615628 1.20854947
-0.67286499 0.27523192 0.68665864 -1.29546287
0.62774435 0.70353042 0.33313957 1.25971648
0.00000000 0.00000000 0.00000000 1.00000000
20 20 21
-0.49812576 0.61765245 -0.60858539 1.13801074
-0.63316296 0.22043810 0.74196476 -1.39363373
0.59243176 0.75492549 0.28126875 1.35307387
0.00000000 0.00000000 0.00000000 1.00000000
21 21 22
-0.58439603 0.57730554 -0.57026274 1.06544566
-0.59257128 0.17650497 0.78594229 -1.47601218
0.55438304 0.79722287 0.23894588 1.43250383
0.00000000 0.00000000 0.00000000 1.00000000
22 22 23
-0.66401150 0.53124972 -0.52617722 0.98208979
-0.54658949 0.13531954 0.82639491 -1.55202842
0.51022412 0.83633866 0.20052178 1.50482440
0.00000000 0.00000000 0.00000000 1.00000000
23 23 24
-0.73669272 0.47987346 -0.47645074 0.88826022
-0.49514157 0.09708127 0.86337133 -1.62170284
0.46056342 0.87194994 0.16608623 1.56975079
0.00000000 0.00000000 0.00000000 1.00000000
24 24 25
-0.80168766 0.42371542 -0.42161847 0.78493332
-0.43856999 0.06230466 0.89653471 -1.68442720
0.40614438 0.90365003 0.13588000 1.62686290
0.00000000 0.00000000 0.00000000 1.00000000
25 25 26
-0.86714163 0.35358918 -0.35077071 0.65542954
-0.36445217 0.02955201 0.93075308 -1.74504081
0.33947019 0.93493389 0.10324056 1.68470665
0.00000000 0.00000000 0.00000000 1.00000000
26 26 27
-0.91352778 0.28850060 -0.28676541 0.53561221
-0.29830578 0.00414515 0.95446135 -1.79017041
0.27655136 0.95747074 0.08227469 1.72448198
0.00000000 0.00000000 0.00000000 1.00000000
27 27 28
-0.94918461 0.21993940 -0.22511163 0.41867433
-0.23401048 -0.01493025 0.97211943 -1.82393499
0.21044639 0.97539928 0.06563968 1.75613621
0.00000000 0.00000000 0.00000000 1.00000000
28 28 29
-0.97635164 0.14837532 -0.15723307 0.29120963
-0.16336381 -0.03000151 0.98610962 -1.85056062
0.14159710 0.98847594 0.05353118 1.77916096
0.00000000 0.00000000 0.00000000 1.00000000
29 29 30
-0.99335625 0.07495436 -0.08732237 0.15957100
-0.09047641 -0.03976323 0.99510447 -1.86769550
0.07111520 0.99639386 0.04628066 1.79301402
0.00000000 0.00000000 0.00000000 1.00000000
30 30 31
-0.99979840 -0.01806806 -0.00875858 0.01256704
-0.00806667 -0.03801817 0.99924449 -1.87053315
-0.01838740 0.99911369 0.03786476 1.80513202
0.00000000 0.00000000 0.00000000 1.00000000
31 31 32
-0.99371895 -0.09284047 0.06247631 -0.12143701
0.06598479 -0.03521107 0.99719917 -1.86661408
-0.09038058 0.99505820 0.04111597 1.79899983
0.00000000 0.00000000 0.00000000 1.00000000
32 32 33
-0.97703857 -0.16646063 0.13299055 -0.25403219
0.13932013 -0.02689022 0.98988222 -1.85270144
-0.16120027 0.98568138 0.04946410 1.78308248
0.00000000 0.00000000 0.00000000 1.00000000
33 33 34
-0.94996724 -0.23832853 0.20189542 -0.38362209
0.21098147 -0.01297411 0.97740395 -1.82897300
-0.23032383 0.97109793 0.06260789 1.75805731
0.00000000 0.00000000 0.00000000 1.00000000
34 34 35
-0.91282330 -0.30764872 0.26852538 -0.50893772
0.28029476 0.00616406 0.95989419 -1.79570479
-0.29696542 0.95148004 0.08060562 1.72388497
0.00000000 0.00000000 0.00000000 1.00000000
35 35 36
-0.86276304 -0.37703351 0.33687634 -0.63456369
0.35236396 0.02945966 0.93539926 -1.74825853
-0.36260113 0.92573099 0.10743632 1.67389308
0.00000000 0.00000000 0.00000000 1.00000000
36 36 37
-0.80601990 -0.43834246 0.39772831 -0.74850056
0.41569281 0.05911872 0.90758166 -1.69566881
-0.42134476 0.89686168 0.13456494 1.62257470
0.00000000 0.00000000 0.00000000 1.00000000
37 37 38
-0.74109500 -0.49506884 0.45352513 -0.85313306
0.47405178 0.09251206 0.87562345 -1.63543091
-0.47545043 0.86391456 0.16612803 1.56298352
0.00000000 0.00000000 0.00000000 1.00000000
38 38 39
-0.66823301 -0.54701180 0.50422489 -0.94842394
0.52753293 0.12949592 0.83960694 -1.56768616
-0.52456997 0.82704830 0.20203329 1.49533993
0.00000000 0.00000000 0.00000000 1.00000000
39 39 40
-0.58853775 -0.59343728 0.54904965 -1.03282252
0.57553207 0.16941678 0.80003800 -1.49353478
-0.56779060 0.78684824 0.24183401 1.42056976
0.00000000 0.00000000 0.00000000 1.00000000
40 40 41
-0.49691110 -0.63598478 0.59042588 -1.10863043
0.62145073 0.21409171 0.75363369 -1.40701120
-0.60570484 0.74140954 0.28884865 1.33407584
0.00000000 0.00000000 0.00000000 1.00000000
41 41 42
-0.40544219 -0.66955909 0.62234014 -1.16900749
0.65634651 0.26063741 0.70800947 -1.32195680
-0.63625930 0.69552769 0.33378937 1.24991545
0.00000000 0.00000000 0.00000000 1.00000000
42 42 43
-0.31291808 -0.69564523 0.64665292 -1.21525496
0.67991757 0.31132010 0.66392160 -1.23844746
-0.66316995 0.64742375 0.37556372 1.17036908
0.00000000 0.00000000 0.00000000 1.00000000
43 43 44
-0.21464911 -0.71523752 0.66510228 -1.25028595
0.70010609 0.36214425 0.61538850 -1.14722040
-0.68101191 0.59773475 0.42300820 1.08107028
0.00000000 0.00000000 0.00000000 1.00000000
44 44 45
-0.11365247 -0.72755107 0.67657413 -1.27212265
0.71333440 0.41424939 0.56528884 -1.05308999
-0.69154692 0.54687008 0.47190674 0.98913520
0.00000000 0.00000000 0.00000000 1.00000000
45 45 46
0.00694050 -0.72774517 0.68581251 -1.28221572
0.71510860 0.48300370 0.50529903 -0.93983700
-0.69897891 0.48692340 0.52376912 0.89268445
0.00000000 0.00000000 0.00000000 1.00000000
46 46 47
0.10946134 -0.72298548 0.68213651 -1.27529731
0.71172250 0.53606884 0.45396175 -0.84322020
-0.69387988 0.43580064 0.57324385 0.79967208
0.00000000 0.00000000 0.00000000 1.00000000
47 47 48
0.21085662 -0.71087260 0.67096917 -1.25415243
0.70065700 0.58854253 0.40335772 -0.74801111
-0.68162985 0.38506860 0.62217595 0.70774599
0.00000000 0.00000000 0.00000000 1.00000000
48 48 49
0.30983173 -0.69130045 0.65276947 -1.21966145
0.68211884 0.63989516 0.35390404 -0.65474831
-0.66235805 0.33561565 0.66980889 0.61811374
0.00000000 0.00000000 0.00000000 1.00000000
49 49 50
0.40543706 -0.66445101 0.62779427 -1.17233173
0.65630048 0.68963650 0.30605747 -0.56450243
-0.63631004 0.28793464 0.71568371 0.53182224
0.00000000 0.00000000 0.00000000 1.00000000
50 50 51
0.50360855 -0.62914694 0.59207479 -1.10365848
0.62328680 0.73915294 0.25527729 -0.47124065
-0.59824075 0.24047258 0.76438272 0.44329859
0.00000000 0.00000000 0.00000000 1.00000000
51 51 52
0.58961551 -0.58832903 0.55337375 -1.03051311
0.58405270 0.78380795 0.21101550 -0.38818748
-0.55788529 0.19878142 0.80576048 0.36586140
0.00000000 0.00000000 0.00000000 1.00000000
52 52 53
0.66899407 -0.54161650 0.50901720 -0.94676058
0.53848207 0.82523472 0.17036639 -0.31177940
-0.51233192 0.16012253 0.84372791 0.29462666
0.00000000 0.00000000 0.00000000 1.00000000
53 53 54
0.74129065 -0.48955088 0.45916022 -0.85279014
0.48708096 0.86304643 0.13380206 -0.24292913
-0.46177951 0.12446198 0.87821916 0.22971559
0.00000000 0.00000000 0.00000000 1.00000000
54 54 55
0.80583173 -0.43252413 0.40442316 -0.74982960
0.43038417 0.89690253 0.10166275 -0.18231144
-0.40669975 0.09213426 0.90890406 0.17184952
0.00000000 0.00000000 0.00000000 1.00000000
55 55 56
0.86585633 -0.36725883 0.33972603 -0.62915742
0.36669194 0.92782218 0.06843263 -0.12172865
-0.34033783 0.06532197 0.93803156 0.11847849
0.00000000 0.00000000 0.00000000 1.00000000
56 56 57
0.91230107 -0.30169164 0.27692764 -0.51131354
0.30121416 0.95247786 0.04534257 -0.07824433
-0.27744692 0.04204846 0.95982036 0.07713027
0.00000000 0.00000000 0.00000000 1.00000000
57 57 58
0.94846271 -0.23399991 0.21368793 -0.39193706
0.23360444 0.97194365 0.02746821 -0.04441446
-0.21412018 0.02386588 0.97651573 0.04523866
0.00000000 0.00000000 0.00000000 1.00000000
58 58 59
0.97583091 -0.16276301 0.14581577 -0.26424823
0.16247530 0.98661383 0.01396158 -0.01881783
-0.14613628 0.01006732 0.98921324 0.02107782
0.00000000 0.00000000 0.00000000 1.00000000
59 59 60
0.99307429 -0.08980995 0.07574718 -0.13232870
0.08965144 0.99595803 0.00549713 -0.00272636
-0.07593471 0.00133178 0.99711190 0.00603706
0.00000000 0.00000000 0.00000000 1.00000000
