{
	"class_name" : "PoseGraph",
	"edges" : 
	[
		{
			"class_name" : "PoseGraphEdge",
			"confidence" : 1.0,
			"information" : 
			[
				1601.77586933318,
				1.3205036555807272,
				7.5968624613133624,
				0.0,
				-959.13533965450449,
				-2.7586084711457435,
				1.3205036555807272,
				1595.9946147197529,
				4.0767806338289789,
				959.13533965450449,
				0.0,
				3.646922474087563,
				7.5968624613133624,
				4.0767806338289789,
				84.153082696708282,
				2.7586084711457435,
				-3.646922474087563,
				0.0,
				0.0,
				959.13533965450449,
				2.7586084711457435,
				596.0,
				0.0,
				0.0,
				-959.13533965450449,
				0.0,
				-3.646922474087563,
				0.0,
				596.0,
				0.0,
				-2.7586084711457435,
				3.646922474087563,
				0.0,
				0.0,
				0.0,
				596.0
			],
			"source_node_id" : 0,
			"target_node_id" : 1,
			"transformation" : 
			[
				0.87562482292527277,
				0.3553820959292292,
				-0.32708521117597666,
				0.0,
				-0.35662559412008688,
				0.9324214734146411,
				0.058381345768704317,
				0.0,
				0.32572895955929426,
				0.065526802212665866,
				0.94318973865081956,
				0.0,
				-0.61492632279973658,
				-0.12324908174645068,
				0.10657224638668172,
				1.0
			],
			"uncertain" : false,
			"version_major" : 1,
			"version_minor" : 0
		},
		{
			"class_name" : "PoseGraphEdge",
			"confidence" : 1.0,
			"information" : 
			[
				2106.6800922572634,
				6.4190678785363691,
				90.547440100531389,
				0.0,
				-1255.1424688974585,
				-18.046324641781389,
				6.4190678785363691,
				2103.2926334329618,
				30.639516293790404,
				1255.1424688974585,
				0.0,
				50.014172677125856,
				90.547440100531389,
				30.639516293790404,
				108.59812035802815,
				18.046324641781389,
				-50.014172677125856,
				0.0,
				0.0,
				1255.1424688974585,
				18.046324641781389,
				776.0,
				0.0,
				0.0,
				-1255.1424688974585,
				0.0,
				-50.014172677125856,
				0.0,
				776.0,
				0.0,
				-18.046324641781389,
				50.014172677125856,
				0.0,
				0.0,
				0.0,
				776.0
			],
			"source_node_id" : 0,
			"target_node_id" : 2,
			"transformation" : 
			[
				0.55158532396367266,
				0.56081675117365737,
				-0.61744489793901025,
				0.0,
				-0.59424466794498965,
				0.78366810592784397,
				0.1809352767439662,
				0.0,
				0.58534340775893212,
				0.26711209511081785,
				0.76552219016738521,
				0.0,
				-1.0595704752853423,
				-0.4947450301245484,
				0.4280604277647404,
				1.0
			],
			"uncertain" : true,
			"version_major" : 1,
			"version_minor" : 0
		},
		{
			"class_name" : "PoseGraphEdge",
			"confidence" : 1.0,
			"information" : 
			[
				2211.6343761535381,
				2.4141516385434882,
				-111.26941555153249,
				0.0,
				-1302.9498938488866,
				-8.7667023668431856,
				2.4141516385434882,
				2200.081118484421,
				15.500276962428524,
				1302.9498938488866,
				0.0,
				-63.580404890239578,
				-111.26941555153249,
				15.500276962428524,
				121.14852949011728,
				8.7667023668431856,
				63.580404890239578,
				0.0,
				0.0,
				1302.9498938488866,
				8.7667023668431856,
				799.0,
				0.0,
				0.0,
				-1302.9498938488866,
				0.0,
				63.580404890239578,
				0.0,
				799.0,
				0.0,
				-8.7667023668431856,
				-63.580404890239578,
				0.0,
				0.0,
				0.0,
				799.0
			],
			"source_node_id" : 0,
			"target_node_id" : 3,
			"transformation" : 
			[
				0.99838282205953,
				0.042297106572862953,
				-0.037982830226464315,
				0.0,
				-0.042124757056780704,
				0.99909815829171056,
				0.0053268134019504865,
				0.0,
				0.03817388452012288,
				-0.0037181815012050368,
				0.99926419412834389,
				0.0,
				-0.050946217801305399,
				-0.008565165779106515,
				0.011020024438612941,
				1.0
			],
			"uncertain" : true,
			"version_major" : 1,
			"version_minor" : 0
		},
		{
			"class_name" : "PoseGraphEdge",
			"confidence" : 1.0,
			"information" : 
			[
				2161.1514660272719,
				3.7003144465820972,
				39.406991954633455,
				0.0,
				-1287.3994143059092,
				-4.3252824272678199,
				3.7003144465820972,
				2155.7529079190626,
				6.2648522798219322,
				1287.3994143059092,
				0.0,
				22.836494900245707,
				39.406991954633455,
				6.2648522798219322,
				115.63182166770298,
				4.3252824272678199,
				-22.836494900245707,
				0.0,
				0.0,
				1287.3994143059092,
				4.3252824272678199,
				796.0,
				0.0,
				0.0,
				-1287.3994143059092,
				0.0,
				-22.836494900245707,
				0.0,
				796.0,
				0.0,
				-4.3252824272678199,
				22.836494900245707,
				0.0,
				0.0,
				0.0,
				796.0
			],
			"source_node_id" : 0,
			"target_node_id" : 4,
			"transformation" : 
			[
				0.87417736867967621,
				0.37159575611042567,
				-0.31261881282001991,
				0.0,
				-0.3684862898774362,
				0.92689081892467962,
				0.071353093594454964,
				0.0,
				0.31627801419105872,
				0.052820486876382577,
				0.94719491864425776,
				0.0,
				-0.61408015442871078,
				-0.11545616398048528,
				0.1003497845655259,
				1.0
			],
			"uncertain" : true,
			"version_major" : 1,
			"version_minor" : 0
		},
		{
			"class_name" : "PoseGraphEdge",
			"confidence" : 1.0,
			"information" : 
			[
				2168.8933819409008,
				-3.8825685873555424,
				-26.410944699341453,
				0.0,
				-1291.1552269122926,
				3.2478039431751902,
				-3.8825685873555424,
				2158.4643860043825,
				-5.8318707115075989,
				1291.1552269122926,
				0.0,
				-14.195070647778319,
				-26.410944699341453,
				-5.8318707115075989,
				116.39997559924056,
				-3.2478039431751902,
				14.195070647778319,
				0.0,
				0.0,
				1291.1552269122926,
				-3.2478039431751902,
				799.0,
				0.0,
				0.0,
				-1291.1552269122926,
				0.0,
				14.195070647778319,
				0.0,
				799.0,
				0.0,
				3.2478039431751902,
				-14.195070647778319,
				0.0,
				0.0,
				0.0,
				799.0
			],
			"source_node_id" : 0,
			"target_node_id" : 5,
			"transformation" : 
			[
				-0.87901365566943102,
				0.32770938714002407,
				-0.34632578697950633,
				0.0,
				-0.33448685687090751,
				-0.94146868298680175,
				-0.041895841508663212,
				0.0,
				-0.33978454309648304,
				0.079014407138241316,
				0.93717831160207044,
				0.0,
				0.63008437181624544,
				-0.15753124107998603,
				0.11255651850014647,
				1.0
			],
			"uncertain" : true,
			"version_major" : 1,
			"version_minor" : 0
		},
		{
			"class_name" : "PoseGraphEdge",
			"confidence" : 1.0,
			"information" : 
			[
				2200.755371422531,
				0.74377258582946482,
				-97.106138624025974,
				0.0,
				-1300.1645146680853,
				-5.8004324396805913,
				0.74377258582946482,
				2191.3567041243023,
				10.130375107165769,
				1300.1645146680853,
				0.0,
				-54.072196878792298,
				-97.106138624025974,
				10.130375107165769,
				118.54022360474399,
				5.8004324396805913,
				54.072196878792298,
				0.0,
				0.0,
				1300.1645146680853,
				5.8004324396805913,
				799.0,
				0.0,
				0.0,
				-1300.1645146680853,
				0.0,
				54.072196878792298,
				0.0,
				799.0,
				0.0,
				-5.8004324396805913,
				-54.072196878792298,
				0.0,
				0.0,
				0.0,
				799.0
			],
			"source_node_id" : 0,
			"target_node_id" : 6,
			"transformation" : 
			[
				0.99918632227770665,
				0.0014294220556893555,
				0.040306948851747681,
				0.0,
				-0.001326675201050842,
				0.99999580273166655,
				-0.0025757429918168429,
				0.0,
				-0.04031046149651013,
				0.0025201729376544205,
				0.99918402480339075,
				0.0,
				0.064443606542047227,
				-0.0054010824992655887,
				-0.0065205931898588698,
				1.0
			],
			"uncertain" : true,
			"version_major" : 1,
			"version_minor" : 0
		},
		{
			"class_name" : "PoseGraphEdge",
			"confidence" : 1.0,
			"information" : 
			[
				2150.0547739762605,
				3.8328150467028328,
				38.207755437472024,
				0.0,
				-1284.0363409264689,
				2.4053775906740404,
				3.8328150467028328,
				2144.0648559490151,
				-5.2097115153795457,
				1284.0363409264689,
				0.0,
				21.781184953452009,
				38.207755437472024,
				-5.2097115153795457,
				114.58637589247719,
				-2.4053775906740404,
				-21.781184953452009,
				0.0,
				0.0,
				1284.0363409264689,
				-2.4053775906740404,
				796.0,
				0.0,
				0.0,
				-1284.0363409264689,
				0.0,
				-21.781184953452009,
				0.0,
				796.0,
				0.0,
				2.4053775906740404,
				21.781184953452009,
				0.0,
				0.0,
				0.0,
				796.0
			],
			"source_node_id" : 0,
			"target_node_id" : 7,
			"transformation" : 
			[
				0.867193319222892,
				0.38675024743014591,
				-0.31368773200095745,
				0.0,
				-0.37916741961670486,
				0.92117954394469681,
				0.087523229596773722,
				0.0,
				0.32281235260812635,
				0.04304060792508585,
				0.945483839667842,
				0.0,
				-0.62252735119765623,
				-0.091571601724322479,
				0.096316405968135843,
				1.0
			],
			"uncertain" : true,
			"version_major" : 1,
			"version_minor" : 0
		},
		{
			"class_name" : "PoseGraphEdge",
			"confidence" : 1.0,
			"information" : 
			[
				2163.5240259785828,
				-3.4128900492632788,
				-43.41407215638521,
				0.0,
				-1289.7344396133933,
				9.0412992299793835,
				-3.4128900492632788,
				2155.0057073776916,
				-16.293155061645955,
				1289.7344396133933,
				0.0,
				-24.16317174593647,
				-43.41407215638521,
				-16.293155061645955,
				115.89936804181568,
				-9.0412992299793835,
				24.16317174593647,
				0.0,
				0.0,
				1289.7344396133933,
				-9.0412992299793835,
				799.0,
				0.0,
				0.0,
				-1289.7344396133933,
				0.0,
				24.16317174593647,
				0.0,
				799.0,
				0.0,
				9.0412992299793835,
				-24.16317174593647,
				0.0,
				0.0,
				0.0,
				799.0
			],
			"source_node_id" : 0,
			"target_node_id" : 8,
			"transformation" : 
			[
				-0.86268237278674365,
				0.36524188718021638,
				-0.3498249384078681,
				0.0,
				-0.36503875319778029,
				-0.92842163596946103,
				-0.069137359854132219,
				0.0,
				-0.35003690140732996,
				0.068056077706724782,
				0.93426042297655487,
				0.0,
				0.66093486591549433,
				-0.12948537826706466,
				0.1187362320564993,
				1.0
			],
			"uncertain" : true,
			"version_major" : 1,
			"version_minor" : 0
		},
		{
			"class_name" : "PoseGraphEdge",
			"confidence" : 1.0,
			"information" : 
			[
				2209.738158812379,
				0.79319397641746303,
				-94.604962388147158,
				0.0,
				-1302.5408820617738,
				-4.8399491334811353,
				0.79319397641746303,
				2198.9191652780796,
				8.313120851261198,
				1302.5408820617738,
				0.0,
				-53.073649580015889,
				-94.604962388147158,
				8.313120851261198,
				119.95415705147902,
				4.8399491334811353,
				53.073649580015889,
				0.0,
				0.0,
				1302.5408820617738,
				4.8399491334811353,
				799.0,
				0.0,
				0.0,
				-1302.5408820617738,
				0.0,
				53.073649580015889,
				0.0,
				799.0,
				0.0,
				-4.8399491334811353,
				-53.073649580015889,
				0.0,
				0.0,
				0.0,
				799.0
			],
			"source_node_id" : 0,
			"target_node_id" : 9,
			"transformation" : 
			[
				0.99999455625655398,
				-0.0028957963791936851,
				0.0015817144458488835,
				0.0,
				0.0029162505466113955,
				0.99991011992544698,
				-0.013086158849268004,
				0.0,
				-0.0015436774298236509,
				0.013090700287194168,
				0.99991312153905809,
				0.0,
				-0.016266808794954291,
				-0.022717722237340587,
				0.0051654346547891361,
				1.0
			],
			"uncertain" : true,
			"version_major" : 1,
			"version_minor" : 0
		},
		{
			"class_name" : "PoseGraphEdge",
			"confidence" : 1.0,
			"information" : 
			[
				2152.117980004256,
				3.6673362296288232,
				19.518089662731711,
				0.0,
				-1286.7906747062411,
				-3.15868917920975,
				3.6673362296288232,
				2144.8629535072346,
				4.791660414726052,
				1286.7906747062411,
				0.0,
				10.660285045958323,
				19.518089662731711,
				4.791660414726052,
				114.07367386682652,
				3.15868917920975,
				-10.660285045958323,
				0.0,
				0.0,
				1286.7906747062411,
				3.15868917920975,
				799.0,
				0.0,
				0.0,
				-1286.7906747062411,
				0.0,
				-10.660285045958323,
				0.0,
				799.0,
				0.0,
				-3.15868917920975,
				10.660285045958323,
				0.0,
				0.0,
				0.0,
				799.0
			],
			"source_node_id" : 0,
			"target_node_id" : 10,
			"transformation" : 
			[
				0.90625642092908221,
				0.30801326754946856,
				-0.2895291462673657,
				0.0,
				-0.3079822173440665,
				0.95023617020739526,
				0.046884695044486641,
				0.0,
				0.28956217523123118,
				0.046680272525790101,
				0.95602023976078876,
				0.0,
				-0.55296452566629517,
				-0.10365594882102702,
				0.067352450665954633,
				1.0
			],
			"uncertain" : true,
			"version_major" : 1,
			"version_minor" : 0
		},
		{
			"class_name" : "PoseGraphEdge",
			"confidence" : 1.0,
			"information" : 
			[
				2138.3473633095323,
				-1.8904981677234574,
				-34.611508062416561,
				0.0,
				-1282.0105439927938,
				14.547034422721707,
				-1.8904981677234574,
				2127.3053949421633,
				-24.925687128783572,
				1282.0105439927938,
				0.0,
				-18.956445752931586,
				-34.611508062416561,
				-24.925687128783572,
				112.45507255271565,
				-14.547034422721707,
				18.956445752931586,
				0.0,
				0.0,
				1282.0105439927938,
				-14.547034422721707,
				799.0,
				0.0,
				0.0,
				-1282.0105439927938,
				0.0,
				18.956445752931586,
				0.0,
				799.0,
				0.0,
				14.547034422721707,
				-18.956445752931586,
				0.0,
				0.0,
				0.0,
				799.0
			],
			"source_node_id" : 0,
			"target_node_id" : 11,
			"transformation" : 
			[
				-0.87947346234893575,
				0.31677800522891736,
				-0.35521560273608888,
				0.0,
				-0.32557367717347974,
				-0.9448122333209984,
				-0.036491430483417173,
				0.0,
				-0.34717172948803571,
				0.083555605258866517,
				0.93407186611850768,
				0.0,
				0.65283518115614469,
				-0.14012128748108815,
				0.10106623722854646,
				1.0
			],
			"uncertain" : true,
			"version_major" : 1,
			"version_minor" : 0
		},
		{
			"class_name" : "PoseGraphEdge",
			"confidence" : 1.0,
			"information" : 
			[
				1804.6888408774944,
				-1.3184041638949757,
				30.524609527102715,
				0.0,
				-1079.2232133679342,
				-10.313042488259722,
				-1.3184041638949757,
				1800.6996185088224,
				16.721582198342137,
				1079.2232133679342,
				0.0,
				16.851666915151011,
				30.524609527102715,
				16.721582198342137,
				92.127798466228995,
				10.313042488259722,
				-16.851666915151011,
				0.0,
				0.0,
				1079.2232133679342,
				10.313042488259722,
				669.0,
				0.0,
				0.0,
				-1079.2232133679342,
				0.0,
				-16.851666915151011,
				0.0,
				669.0,
				0.0,
				-10.313042488259722,
				16.851666915151011,
				0.0,
				0.0,
				0.0,
				669.0
			],
			"source_node_id" : 1,
			"target_node_id" : 2,
			"transformation" : 
			[
				0.87449171212909094,
				0.35528041470521687,
				-0.33021216262339498,
				0.0,
				-0.35443260845758079,
				0.93281958811215637,
				0.065001093038679778,
				0.0,
				0.3311219888190543,
				0.060195041001371331,
				0.94166596283361348,
				0.0,
				-0.62340266318859694,
				-0.11403197310369859,
				0.10920675139680179,
				1.0
			],
			"uncertain" : false,
			"version_major" : 1,
			"version_minor" : 0
		},
		{
			"class_name" : "PoseGraphEdge",
			"confidence" : 1.0,
			"information" : 
			[
				2705.0862362845533,
				0.25584453197351892,
				-213.23438230938589,
				0.0,
				-1585.7105900985871,
				0.059283592074353984,
				0.25584453197351892,
				2708.3452604596782,
				0.1972917897938298,
				1585.7105900985871,
				0.0,
				-119.56950498433227,
				-213.23438230938589,
				0.1972917897938298,
				139.79911912888736,
				-0.059283592074353984,
				119.56950498433227,
				0.0,
				0.0,
				1585.7105900985871,
				-0.059283592074353984,
				965.0,
				0.0,
				0.0,
				-1585.7105900985871,
				0.0,
				119.56950498433227,
				0.0,
				965.0,
				0.0,
				0.059283592074353984,
				-119.56950498433227,
				0.0,
				0.0,
				0.0,
				965.0
			],
			"source_node_id" : 1,
			"target_node_id" : 3,
			"transformation" : 
			[
				0.85289998531047262,
				-0.35721026456250154,
				0.38073933596173537,
				0.0,
				0.33852094876831895,
				0.93358551635354736,
				0.1175655174780315,
				0.0,
				-0.39744833916169886,
				0.028616613113155415,
				0.91717823085349026,
				0.0,
				0.73816171796425778,
				-0.05331471744056035,
				0.14242232122925014,
				1.0
			],
			"uncertain" : true,
			"version_major" : 1,
			"version_minor" : 0
		},
		{
			"class_name" : "PoseGraphEdge",
			"confidence" : 1.0,
			"information" : 
			[
				2709.3127932149882,
				-0.18499460335265941,
				-59.958782573285248,
				0.0,
				-1607.7620679517067,
				17.501698028806199,
				-0.18499460335265941,
				2711.9395860693198,
				-31.516813796591034,
				1607.7620679517067,
				0.0,
				-32.451343745412544,
				-59.958782573285248,
				-31.516813796591034,
				143.140068472857,
				-17.501698028806199,
				32.451343745412544,
				0.0,
				0.0,
				1607.7620679517067,
				-17.501698028806199,
				989.0,
				0.0,
				0.0,
				-1607.7620679517067,
				0.0,
				32.451343745412544,
				0.0,
				989.0,
				0.0,
				17.501698028806199,
				-32.451343745412544,
				0.0,
				0.0,
				0.0,
				989.0
			],
			"source_node_id" : 1,
			"target_node_id" : 4,
			"transformation" : 
			[
				0.99967071067222835,
				0.018878319406479382,
				0.017380428086470834,
				0.0,
				-0.018981400302833018,
				0.99980310009603124,
				0.0057851085477585162,
				0.0,
				-0.017267792754883438,
				-0.0061131084361973065,
				0.9998322125429957,
				0.0,
				0.019430338545087626,
				0.0022150208297236386,
				-0.0036920753227829284,
				1.0
			],
			"uncertain" : true,
			"version_major" : 1,
			"version_minor" : 0
		},
		{
			"class_name" : "PoseGraphEdge",
			"confidence" : 1.0,
			"information" : 
			[
				2674.4608768928201,
				-2.3113597255860472,
				92.91729949859473,
				0.0,
				-1575.6694739414295,
				7.0887873609551724,
				-2.3113597255860472,
				2673.6380197093449,
				-14.047004314272652,
				1575.6694739414295,
				0.0,
				52.750115939956835,
				92.91729949859473,
				-14.047004314272652,
				141.70343730892384,
				-7.0887873609551724,
				-52.750115939956835,
				0.0,
				0.0,
				1575.6694739414295,
				-7.0887873609551724,
				962.0,
				0.0,
				0.0,
				-1575.6694739414295,
				0.0,
				-52.750115939956835,
				0.0,
				962.0,
				0.0,
				7.0887873609551724,
				52.750115939956835,
				0.0,
				0.0,
				0.0,
				962.0
			],
			"source_node_id" : 1,
			"target_node_id" : 5,
			"transformation" : 
			[
				0.90278617377721082,
				0.31718126198908464,
				-0.29047060346912074,
				0.0,
				-0.3121594867158542,
				0.947818479190916,
				0.064781057088574137,
				0.0,
				0.29586074307011045,
				0.032189711822728888,
				0.95468855820250209,
				0.0,
				-0.57375176256003113,
				-0.078030573757055771,
				0.1148973112629923,
				1.0
			],
			"uncertain" : true,
			"version_major" : 1,
			"version_minor" : 0
		},
		{
			"class_name" : "PoseGraphEdge",
			"confidence" : 1.0,
			"information" : 
			[
				2662.6935789964373,
				2.1975775853864694,
				-209.92830594320253,
				0.0,
				-1571.5169780883598,
				-14.676371897099084,
				2.1975775853864694,
				2666.9410081584028,
				25.691653914135998,
				1571.5169780883598,
				0.0,
				-119.49327545940943,
				-209.92830594320253,
				25.691653914135998,
				137.36602957699657,
				14.676371897099084,
				119.49327545940943,
				0.0,
				0.0,
				1571.5169780883598,
				14.676371897099084,
				962.0,
				0.0,
				0.0,
				-1571.5169780883598,
				0.0,
				119.49327545940943,
				0.0,
				962.0,
				0.0,
				-14.676371897099084,
				-119.49327545940943,
				0.0,
				0.0,
				0.0,
				962.0
			],
			"source_node_id" : 1,
			"target_node_id" : 6,
			"transformation" : 
			[
				0.91130911479320331,
				-0.26325102186986171,
				0.31656689147682904,
				0.0,
				0.25896658704774311,
				0.964241089509698,
				0.056350936939807417,
				0.0,
				-0.32008124607304422,
				0.030627124997683941,
				0.94689491239878543,
				0.0,
				0.62084145597423479,
				-0.090622445571382659,
				0.085824026910993112,
				1.0
			],
			"uncertain" : true,
			"version_major" : 1,
			"version_minor" : 0
		},
		{
			"class_name" : "PoseGraphEdge",
			"confidence" : 1.0,
			"information" : 
			[
				2709.1853246953574,
				0.33925865431734759,
				-59.445987834022091,
				0.0,
				-1608.005094435088,
				14.988290678529442,
				0.33925865431734759,
				2712.9673672706654,
				-27.409306636794835,
				1608.005094435088,
				0.0,
				-32.005227154341483,
				-59.445987834022091,
				-27.409306636794835,
				142.5371028210985,
				-14.988290678529442,
				32.005227154341483,
				0.0,
				0.0,
				1608.005094435088,
				-14.988290678529442,
				989.0,
				0.0,
				0.0,
				-1608.005094435088,
				0.0,
				32.005227154341483,
				0.0,
				989.0,
				0.0,
				14.988290678529442,
				-32.005227154341483,
				0.0,
				0.0,
				0.0,
				989.0
			],
			"source_node_id" : 1,
			"target_node_id" : 7,
			"transformation" : 
			[
				0.99924608158178818,
				0.031750867269296379,
				0.022341684607286805,
				0.0,
				-0.03255179756070542,
				0.99880522477923561,
				0.036448640979718672,
				0.0,
				-0.021157715354234552,
				-0.037148423672466679,
				0.9990857549277945,
				0.0,
				0.033645891275300377,
				0.043716463168498809,
				0.00074603318797916707,
				1.0
			],
			"uncertain" : true,
			"version_major" : 1,
			"version_minor" : 0
		},
		{
			"class_name" : "PoseGraphEdge",
			"confidence" : 1.0,
			"information" : 
			[
				2681.4365239758272,
				-0.66633276085113724,
				91.847706509332994,
				0.0,
				-1589.2614422252047,
				10.389396583068409,
				-0.66633276085113724,
				2684.0370080923326,
				-19.543050333786525,
				1589.2614422252047,
				0.0,
				51.470652108077381,
				91.847706509332994,
				-19.543050333786525,
				140.05290489576461,
				-10.389396583068409,
				-51.470652108077381,
				0.0,
				0.0,
				1589.2614422252047,
				-10.389396583068409,
				976.0,
				0.0,
				0.0,
				-1589.2614422252047,
				0.0,
				-51.470652108077381,
				0.0,
				976.0,
				0.0,
				10.389396583068409,
				51.470652108077381,
				0.0,
				0.0,
				0.0,
				976.0
			],
			"source_node_id" : 1,
			"target_node_id" : 8,
			"transformation" : 
			[
				0.8745494841762208,
				0.35194793574333894,
				-0.33361032695812926,
				0.0,
				-0.33295386591721982,
				0.93595639373595885,
				0.11457465773703307,
				0.0,
				0.35256903281185292,
				0.010875640247027585,
				0.93572260716054811,
				0.0,
				-0.65627203536066658,
				-0.046314792288808262,
				0.12150240928958467,
				1.0
			],
			"uncertain" : true,
			"version_major" : 1,
			"version_minor" : 0
		},
		{
			"class_name" : "PoseGraphEdge",
			"confidence" : 1.0,
			"information" : 
			[
				2683.6570958528141,
				0.23418938216949128,
				-194.05738809268991,
				0.0,
				-1576.8990721534847,
				2.1250293045822062,
				0.23418938216949128,
				2682.5955868397468,
				-3.467173147362876,
				1576.8990721534847,
				0.0,
				-109.8900696327503,
				-194.05738809268991,
				-3.467173147362876,
				141.95980051375898,
				-2.1250293045822062,
				109.8900696327503,
				0.0,
				0.0,
				1576.8990721534847,
				-2.1250293045822062,
				962.0,
				0.0,
				0.0,
				-1576.8990721534847,
				0.0,
				109.8900696327503,
				0.0,
				962.0,
				0.0,
				2.1250293045822062,
				-109.8900696327503,
				0.0,
				0.0,
				0.0,
				962.0
			],
			"source_node_id" : 1,
			"target_node_id" : 9,
			"transformation" : 
			[
				0.91393843195649715,
				-0.30833403997690545,
				0.26390654100347688,
				0.0,
				0.3059723883290692,
				0.9506684504668369,
				0.051092023518252483,
				0.0,
				-0.26664103242581577,
				0.034053150786741426,
				0.96319413554505773,
				0.0,
				0.5213313961085666,
				-0.062895704482514608,
				0.07478293518274115,
				1.0
			],
			"uncertain" : true,
			"version_major" : 1,
			"version_minor" : 0
		},
		{
			"class_name" : "PoseGraphEdge",
			"confidence" : 1.0,
			"information" : 
			[
				2686.3158949371382,
				-1.0599236383766393,
				-54.232811508092865,
				0.0,
				-1600.5287629177783,
				30.246830114861691,
				-1.0599236383766393,
				2684.895293875953,
				-52.874768468568831,
				1600.5287629177783,
				0.0,
				-30.494872616686166,
				-54.232811508092865,
				-52.874768468568831,
				139.80133870964761,
				-30.246830114861691,
				30.494872616686166,
				0.0,
				0.0,
				1600.5287629177783,
				-30.246830114861691,
				989.0,
				0.0,
				0.0,
				-1600.5287629177783,
				0.0,
				30.494872616686166,
				0.0,
				989.0,
				0.0,
				30.246830114861691,
				-30.494872616686166,
				0.0,
				0.0,
				0.0,
				989.0
			],
			"source_node_id" : 1,
			"target_node_id" : 10,
			"transformation" : 
			[
				0.99951437574101887,
				0.027195433833895711,
				-0.015212529889156182,
				0.0,
				-0.027202657834583196,
				0.99962990327538859,
				-0.00026811261180126333,
				0.0,
				0.015199608342876699,
				0.00068180365518666353,
				0.99988424682560173,
				0.0,
				-0.029362815105299433,
				0.012678981068133893,
				-0.012097319223111747,
				1.0
			],
			"uncertain" : true,
			"version_major" : 1,
			"version_minor" : 0
		},
		{
			"class_name" : "PoseGraphEdge",
			"confidence" : 1.0,
			"information" : 
			[
				2697.914332224339,
				-1.0150367995733465,
				67.924661255867335,
				0.0,
				-1596.0131106307065,
				1.7935695076102203,
				-1.0150367995733465,
				2701.4892411761489,
				-5.4872967023145023,
				1596.0131106307065,
				0.0,
				37.279252100103477,
				67.924661255867335,
				-5.4872967023145023,
				142.44228855756484,
				-1.7935695076102203,
				-37.279252100103477,
				0.0,
				0.0,
				1596.0131106307065,
				-1.7935695076102203,
				978.0,
				0.0,
				0.0,
				-1596.0131106307065,
				0.0,
				-37.279252100103477,
				0.0,
				978.0,
				0.0,
				1.7935695076102203,
				37.279252100103477,
				0.0,
				0.0,
				0.0,
				978.0
			],
			"source_node_id" : 1,
			"target_node_id" : 11,
			"transformation" : 
			[
				0.88440767693135525,
				0.36532743854290844,
				-0.29044607697912139,
				0.0,
				-0.34831089195218112,
				0.93087191749016274,
				0.11025876734149137,
				0.0,
				0.31064864965481542,
				0.0036518318508064196,
				0.95051779604159647,
				0.0,
				-0.56938976281521492,
				-0.044973561133135345,
				0.10321160590544287,
				1.0
			],
			"uncertain" : true,
			"version_major" : 1,
			"version_minor" : 0
		},
		{
			"class_name" : "PoseGraphEdge",
			"confidence" : 1.0,
			"information" : 
			[
				1253.2070680866034,
				-0.065044215450946435,
				17.934718180922594,
				0.0,
				-758.65736298953743,
				-26.864662039078794,
				-0.065044215450946435,
				1238.2106077854353,
				44.91422472065176,
				758.65736298953743,
				0.0,
				11.505503162753168,
				17.934718180922594,
				44.91422472065176,
				65.612193891349563,
				26.864662039078794,
				-11.505503162753168,
				0.0,
				0.0,
				758.65736298953743,
				26.864662039078794,
				478.0,
				0.0,
				0.0,
				-758.65736298953743,
				0.0,
				-11.505503162753168,
				0.0,
				478.0,
				0.0,
				-26.864662039078794,
				11.505503162753168,
				0.0,
				0.0,
				0.0,
				478.0
			],
			"source_node_id" : 2,
			"target_node_id" : 3,
			"transformation" : 
			[
				0.88357421168208539,
				0.35647201345218554,
				-0.30368456673944516,
				0.0,
				-0.35705953413365676,
				0.93242354707777053,
				0.055631087884085037,
				0.0,
				0.30299356682054468,
				0.059279275301370511,
				0.95114713161797837,
				0.0,
				-0.58090038500442887,
				-0.112935895243977,
				0.092314853976900008,
				1.0
			],
			"uncertain" : false,
			"version_major" : 1,
			"version_minor" : 0
		},
		{
			"class_name" : "PoseGraphEdge",
			"confidence" : 1.0,
			"information" : 
			[
				2592.8314702255093,
				-1.1080617994158108,
				-102.02762156769367,
				0.0,
				-1534.5160140862329,
				-3.5945532590307376,
				-1.1080617994158108,
				2595.4671600124311,
				6.5513322086465902,
				1534.5160140862329,
				0.0,
				-55.917630887646162,
				-102.02762156769367,
				6.5513322086465902,
				135.73809625738801,
				3.5945532590307376,
				55.917630887646162,
				0.0,
				0.0,
				1534.5160140862329,
				3.5945532590307376,
				941.0,
				0.0,
				0.0,
				-1534.5160140862329,
				0.0,
				55.917630887646162,
				0.0,
				941.0,
				0.0,
				-3.5945532590307376,
				-55.917630887646162,
				0.0,
				0.0,
				0.0,
				941.0
			],
			"source_node_id" : 2,
			"target_node_id" : 4,
			"transformation" : 
			[
				0.85231960061664869,
				-0.44918122525839482,
				0.26793194150762095,
				0.0,
				0.45476541478401644,
				0.88949577379876976,
				0.044561035787435976,
				0.0,
				-0.25834031029051174,
				0.083865936288187948,
				0.9624067688921909,
				0.0,
				0.4890678283519142,
				-0.17316880321836131,
				0.075384773261040428,
				1.0
			],
			"uncertain" : true,
			"version_major" : 1,
			"version_minor" : 0
		},
		{
			"class_name" : "PoseGraphEdge",
			"confidence" : 1.0,
			"information" : 
			[
				2606.8592715644413,
				-1.4239034427867567,
				28.215456856438507,
				0.0,
				-1548.8793583627432,
				19.956192242664986,
				-1.4239034427867567,
				2606.1536658479395,
				-35.391681211093498,
				1548.8793583627432,
				0.0,
				16.051247165907458,
				28.215456856438507,
				-35.391681211093498,
				137.95222672686225,
				-19.956192242664986,
				-16.051247165907458,
				0.0,
				0.0,
				1548.8793583627432,
				-19.956192242664986,
				954.0,
				0.0,
				0.0,
				-1548.8793583627432,
				0.0,
				-16.051247165907458,
				0.0,
				954.0,
				0.0,
				19.956192242664986,
				16.051247165907458,
				0.0,
				0.0,
				0.0,
				954.0
			],
			"source_node_id" : 2,
			"target_node_id" : 5,
			"transformation" : 
			[
				0.99999311935720647,
				0.0034155017564267837,
				-0.0014476138974566788,
				0.0,
				-0.0034058629989783817,
				0.99997235794224382,
				0.0066093455547411306,
				0.0,
				0.0014701481137807115,
				-0.0066043697035848004,
				0.99997711022069991,
				0.0,
				-0.0058053400916994458,
				0.0077592912899650951,
				0.0040708707563861246,
				1.0
			],
			"uncertain" : true,
			"version_major" : 1,
			"version_minor" : 0
		},
		{
			"class_name" : "PoseGraphEdge",
			"confidence" : 1.0,
			"information" : 
			[
				2637.5257538267169,
				-0.48741061206407155,
				-181.02609934501527,
				0.0,
				-1557.4310143919743,
				4.6735861065143336,
				-0.48741061206407155,
				2642.0340115547033,
				-9.4752121615350546,
				1557.4310143919743,
				0.0,
				-101.90813627747679,
				-181.02609934501527,
				-9.4752121615350546,
				138.37025703242702,
				-4.6735861065143336,
				101.90813627747679,
				0.0,
				0.0,
				1557.4310143919743,
				-4.6735861065143336,
				954.0,
				0.0,
				0.0,
				-1557.4310143919743,
				0.0,
				101.90813627747679,
				0.0,
				954.0,
				0.0,
				4.6735861065143336,
				-101.90813627747679,
				0.0,
				0.0,
				0.0,
				954.0
			],
			"source_node_id" : 2,
			"target_node_id" : 6,
			"transformation" : 
			[
				-0.8933894373725455,
				-0.32783523104941498,
				-0.30721226289642778,
				0.0,
				0.33629718607092368,
				-0.94138005565624927,
				0.02660438786019631,
				0.0,
				-0.29792535278479704,
				-0.079546540436487623,
				0.95126906397330158,
				0.0,
				0.57136575910073262,
				0.1481418984766481,
				0.077736100675415587,
				1.0
			],
			"uncertain" : true,
			"version_major" : 1,
			"version_minor" : 0
		},
		{
			"class_name" : "PoseGraphEdge",
			"confidence" : 1.0,
			"information" : 
			[
				2571.7736965711647,
				-0.10201429063099558,
				-22.456687517620441,
				0.0,
				-1535.8027619961124,
				26.540888878890552,
				-0.10201429063099558,
				2567.4009874078788,
				-47.554748085906049,
				1535.8027619961124,
				0.0,
				-13.73874151825436,
				-22.456687517620441,
				-47.554748085906049,
				133.99924930187407,
				-26.540888878890552,
				13.73874151825436,
				0.0,
				0.0,
				1535.8027619961124,
				-26.540888878890552,
				951.0,
				0.0,
				0.0,
				-1535.8027619961124,
				0.0,
				13.73874151825436,
				0.0,
				951.0,
				0.0,
				26.540888878890552,
				-13.73874151825436,
				0.0,
				0.0,
				0.0,
				951.0
			],
			"source_node_id" : 2,
			"target_node_id" : 7,
			"transformation" : 
			[
				-0.76533751723521903,
				-0.64354722638835626,
				0.010268988269705029,
				0.0,
				0.63228884278882669,
				-0.75473889984312037,
				-0.17487141661335576,
				0.0,
				0.1202884200453071,
				-0.12734268911660779,
				0.9845377268198281,
				0.0,
				-0.20514474016201439,
				0.24167771598979285,
				0.020638877516413467,
				1.0
			],
			"uncertain" : true,
			"version_major" : 1,
			"version_minor" : 0
		},
		{
			"class_name" : "PoseGraphEdge",
			"confidence" : 1.0,
			"information" : 
			[
				2605.4221534278763,
				-0.97305022177582612,
				27.705788854041099,
				0.0,
				-1548.3928470484473,
				20.730136415805944,
				-0.97305022177582612,
				2604.3859032993505,
				-36.617324407214525,
				1548.3928470484473,
				0.0,
				15.610218881650178,
				27.705788854041099,
				-36.617324407214525,
				137.75331258744706,
				-20.730136415805944,
				-15.610218881650178,
				0.0,
				0.0,
				1548.3928470484473,
				-20.730136415805944,
				954.0,
				0.0,
				0.0,
				-1548.3928470484473,
				0.0,
				-15.610218881650178,
				0.0,
				954.0,
				0.0,
				20.730136415805944,
				15.610218881650178,
				0.0,
				0.0,
				0.0,
				954.0
			],
			"source_node_id" : 2,
			"target_node_id" : 8,
			"transformation" : 
			[
				0.99995072627191295,
				-0.0032014542698432479,
				-0.0093965801668604576,
				0.0,
				0.0030583120403389653,
				0.99987966722009269,
				-0.015208478138908244,
				0.0,
				0.0094441386975230024,
				0.015178991086229665,
				0.99984019046739081,
				0.0,
				-0.012829706109878547,
				-0.020201079922339549,
				0.0024213950260261186,
				1.0
			],
			"uncertain" : true,
			"version_major" : 1,
			"version_minor" : 0
		},
		{
			"class_name" : "PoseGraphEdge",
			"confidence" : 1.0,
			"information" : 
			[
				2582.8797767502006,
				1.2894005834644122,
				-214.60858171281612,
				0.0,
				-1506.9435458232533,
				24.35713321044387,
				1.2894005834644122,
				2582.2603013414077,
				-42.333426299240941,
				1506.9435458232533,
				0.0,
				-120.45382971833889,
				-214.60858171281612,
				-42.333426299240941,
				133.08731293234203,
				-24.35713321044387,
				120.45382971833889,
				0.0,
				0.0,
				1506.9435458232533,
				-24.35713321044387,
				913.0,
				0.0,
				0.0,
				-1506.9435458232533,
				0.0,
				120.45382971833889,
				0.0,
				913.0,
				0.0,
				24.35713321044387,
				-120.45382971833889,
				0.0,
				0.0,
				0.0,
				913.0
			],
			"source_node_id" : 2,
			"target_node_id" : 9,
			"transformation" : 
			[
				0.011259518820445097,
				0.98251410708885345,
				0.18584739063900396,
				0.0,
				-0.76946090193201033,
				0.1272095449481418,
				-0.62589747728526957,
				0.0,
				-0.63859466301708934,
				-0.13595499639763614,
				0.75743850926699641,
				0.0,
				1.1960718845793725,
				0.27036540079244442,
				0.45912477004539065,
				1.0
			],
			"uncertain" : true,
			"version_major" : 1,
			"version_minor" : 0
		},
		{
			"class_name" : "PoseGraphEdge",
			"confidence" : 1.0,
			"information" : 
			[
				2553.9146250584063,
				-2.0435131407083253,
				-120.94784897352751,
				0.0,
				-1531.3049069618578,
				16.894611309689875,
				-2.0435131407083253,
				2553.8109064665641,
				-27.92127782595967,
				1531.3049069618578,
				0.0,
				-68.923713391742595,
				-120.94784897352751,
				-27.92127782595967,
				129.54196264338267,
				-16.894611309689875,
				68.923713391742595,
				0.0,
				0.0,
				1531.3049069618578,
				-16.894611309689875,
				952.0,
				0.0,
				0.0,
				-1531.3049069618578,
				0.0,
				68.923713391742595,
				0.0,
				952.0,
				0.0,
				16.894611309689875,
				-68.923713391742595,
				0.0,
				0.0,
				0.0,
				952.0
			],
			"source_node_id" : 2,
			"target_node_id" : 10,
			"transformation" : 
			[
				0.89851044332520602,
				-0.33521476922947963,
				0.28339026399290618,
				0.0,
				0.3461293785417292,
				0.93810704483050444,
				0.012232160467186615,
				0.0,
				-0.26995080393630744,
				0.087098972036444289,
				0.95892665648856379,
				0.0,
				0.52418286074469889,
				-0.14109638958160325,
				0.045397589571898989,
				1.0
			],
			"uncertain" : true,
			"version_major" : 1,
			"version_minor" : 0
		},
		{
			"class_name" : "PoseGraphEdge",
			"confidence" : 1.0,
			"information" : 
			[
				2626.6397028915981,
				-1.2862163287188368,
				24.318505422071048,
				0.0,
				-1554.3615358714478,
				25.575260278132916,
				-1.2862163287188368,
				2624.2810439651034,
				-45.587061395541056,
				1554.3615358714478,
				0.0,
				13.734066903430859,
				24.318505422071048,
				-45.587061395541056,
				140.05589409325813,
				-25.575260278132916,
				-13.734066903430859,
				0.0,
				0.0,
				1554.3615358714478,
				-25.575260278132916,
				954.0,
				0.0,
				0.0,
				-1554.3615358714478,
				0.0,
				-13.734066903430859,
				0.0,
				954.0,
				0.0,
				25.575260278132916,
				13.734066903430859,
				0.0,
				0.0,
				0.0,
				954.0
			],
			"source_node_id" : 2,
			"target_node_id" : 11,
			"transformation" : 
			[
				0.99981687758612259,
				-0.012947266802971258,
				0.014091826576755409,
				0.0,
				0.012862934650329394,
				0.99989891312478529,
				0.0060587493804286074,
				0.0,
				-0.014168846322761646,
				-0.0058763776432564641,
				0.99988234906896745,
				0.0,
				0.02515980819242955,
				0.023304177777353746,
				0.014073997291457641,
				1.0
			],
			"uncertain" : true,
			"version_major" : 1,
			"version_minor" : 0
		},
		{
			"class_name" : "PoseGraphEdge",
			"confidence" : 1.0,
			"information" : 
			[
				1609.3269452572795,
				1.336056806146156,
				-0.28584245179753798,
				0.0,
				-962.75203094943731,
				4.2792628102458492,
				1.336056806146156,
				1602.8498441204122,
				-7.8784917966283254,
				962.75203094943731,
				0.0,
				-0.36684400438917331,
				-0.28584245179753798,
				-7.8784917966283254,
				83.801595660000217,
				-4.2792628102458492,
				0.36684400438917331,
				0.0,
				0.0,
				962.75203094943731,
				-4.2792628102458492,
				598.0,
				0.0,
				0.0,
				-962.75203094943731,
				0.0,
				0.36684400438917331,
				0.0,
				598.0,
				0.0,
				4.2792628102458492,
				-0.36684400438917331,
				0.0,
				0.0,
				0.0,
				598.0
			],
			"source_node_id" : 3,
			"target_node_id" : 4,
			"transformation" : 
			[
				0.87625538191514774,
				0.35515345757318129,
				-0.32564171606008024,
				0.0,
				-0.35597744154975797,
				0.93261437461154739,
				0.059249382913277013,
				0.0,
				0.32474076857152978,
				0.06400351429202969,
				0.94363498418924863,
				0.0,
				-0.61341744477273541,
				-0.12046783402506291,
				0.10634816177938217,
				1.0
			],
			"uncertain" : false,
			"version_major" : 1,
			"version_minor" : 0
		},
		{
			"class_name" : "PoseGraphEdge",
			"confidence" : 1.0,
			"information" : 
			[
				2206.381468632208,
				-4.0862520276922414,
				-43.899313965922346,
				0.0,
				-1302.7582003405114,
				13.457723117391355,
				-4.0862520276922414,
				2194.9780637478975,
				-24.963218573414395,
				1302.7582003405114,
				0.0,
				-24.598900133863161,
				-43.899313965922346,
				-24.963218573414395,
				120.56425201274048,
				-13.457723117391355,
				24.598900133863161,
				0.0,
				0.0,
				1302.7582003405114,
				-13.457723117391355,
				800.0,
				0.0,
				0.0,
				-1302.7582003405114,
				0.0,
				24.598900133863161,
				0.0,
				800.0,
				0.0,
				13.457723117391355,
				-24.598900133863161,
				0.0,
				0.0,
				0.0,
				800.0
			],
			"source_node_id" : 3,
			"target_node_id" : 5,
			"transformation" : 
			[
				-0.86068160883560618,
				0.35066509456737466,
				-0.3691356927529586,
				0.0,
				-0.34630718874956862,
				-0.93466583502294864,
				-0.080443196488112781,
				0.0,
				-0.3732271416075244,
				0.058598364251133711,
				0.92588753770345544,
				0.0,
				0.69650552255891363,
				-0.10600426686996955,
				0.14930144400444778,
				1.0
			],
			"uncertain" : true,
			"version_major" : 1,
			"version_minor" : 0
		},
		{
