{
	"class_name" : "PoseGraph",
	"edges" : 
	[
		{
			"class_name" : "PoseGraphEdge",
			"confidence" : 1.0,
			"information" : 
			[
				108345.0615566179,
				0.099709307742379849,
				603.53283594644302,
				0.0,
				-84584.441654205322,
				-167.48168731317855,
				0.099709307742379849,
				108349.96046312407,
				190.32423804562404,
				84584.441654205322,
				0.0,
				572.41801340458915,
				603.53283594644302,
				190.32423804562404,
				4095.8411641566636,
				167.48168731317855,
				-572.41801340458915,
				0.0,
				0.0,
				84584.441654205322,
				167.48168731317855,
				68123.0,
				0.0,
				0.0,
				-84584.441654205322,
				0.0,
				-572.41801340458915,
				0.0,
				68123.0,
				0.0,
				-167.48168731317855,
				572.41801340458915,
				0.0,
				0.0,
				0.0,
				68123.0
			],
			"source_node_id" : 0,
			"target_node_id" : 1,
			"transformation" : 
			[
				0.99226959822059901,
				0.074092592050685857,
				0.09955567412429138,
				0.0,
				-0.074106284067817371,
				0.99724397464961545,
				-0.0035656257088937668,
				0.0,
				-0.099545482613684871,
				-0.0038396390776487379,
				0.99502560472731683,
				0.0,
				0.10837287537839965,
				0.0041675303889775368,
				0.005541731470065368,
				1.0
			],
			"uncertain" : false,
			"version_major" : 1,
			"version_minor" : 0
		},
		{
			"class_name" : "PoseGraphEdge",
			"confidence" : 1.0,
			"information" : 
			[
				107601.26215087196,
				2.7620485305719669,
				1357.6022201307012,
				0.0,
				-84037.64317214489,
				-263.47578575531952,
				2.7620485305719669,
				107560.31343718703,
				287.23456773005728,
				84037.64317214489,
				0.0,
				1245.5154886413366,
				1357.6022201307012,
				287.23456773005728,
				4056.7631277158866,
				263.47578575531952,
				-1245.5154886413366,
				0.0,
				0.0,
				84037.64317214489,
				263.47578575531952,
				67743.0,
				0.0,
				0.0,
				-84037.64317214489,
				0.0,
				-1245.5154886413366,
				0.0,
				67743.0,
				0.0,
				-263.47578575531952,
				1245.5154886413366,
				0.0,
				0.0,
				0.0,
				67743.0
			],
			"source_node_id" : 1,
			"target_node_id" : 2,
			"transformation" : 
			[
				0.99206597061430624,
				0.074595074343698303,
				0.10119626886774413,
				0.0,
				-0.074468054698169417,
				0.99721067578158906,
				-0.0050375526495430841,
				0.0,
				-0.10128977627858145,
				-0.0025383047265042078,
				0.9948537270526514,
				0.0,
				0.11044857841501336,
				0.0026879608150948012,
				0.0060032049032029029,
				1.0
			],
			"uncertain" : false,
			"version_major" : 1,
			"version_minor" : 0
		},
		{
			"class_name" : "PoseGraphEdge",
			"confidence" : 1.0,
			"information" : 
			[
				105606.67605404509,
				17.317729119394322,
				2110.045292410337,
				0.0,
				-82537.840652704239,
				-493.02286554942839,
				17.317729119394322,
				105508.28665621807,
				535.73449151825025,
				82537.840652704239,
				0.0,
				1902.2083141168114,
				2110.045292410337,
				535.73449151825025,
				3960.0119954281722,
				493.02286554942839,
				-1902.2083141168114,
				0.0,
				0.0,
				82537.840652704239,
				493.02286554942839,
				66623.0,
				0.0,
				0.0,
				-82537.840652704239,
				0.0,
				-1902.2083141168114,
				0.0,
				66623.0,
				0.0,
				-493.02286554942839,
				1902.2083141168114,
				0.0,
				0.0,
				0.0,
				66623.0
			],
			"source_node_id" : 2,
			"target_node_id" : 3,
			"transformation" : 
			[
				0.99180077095489338,
				0.075510939126769094,
				0.10309863629298636,
				0.0,
				-0.075359049328856328,
				0.99714198734064019,
				-0.0053731523903270545,
				0.0,
				-0.10320971086836306,
				-0.0024403185349564649,
				0.99465662438246338,
				0.0,
				0.11240423521169995,
				0.0025319183022445876,
				0.0063777931048465009,
				1.0
			],
			"uncertain" : false,
			"version_major" : 1,
			"version_minor" : 0
		},
		{
			"class_name" : "PoseGraphEdge",
			"confidence" : 1.0,
			"information" : 
			[
				104499.82863659775,
				35.190441505494704,
				2485.3284464844355,
				0.0,
				-81688.694455325603,
				-756.32840402354486,
				35.190441505494704,
				104377.10322925285,
				812.58868561665167,
				81688.694455325603,
				0.0,
				2249.187394138542,
				2485.3284464844355,
				812.58868561665167,
				3917.1258907715855,
				756.32840402354486,
				-2249.187394138542,
				0.0,
				0.0,
				81688.694455325603,
				756.32840402354486,
				65997.0,
				0.0,
				0.0,
				-81688.694455325603,
				0.0,
				-2249.187394138542,
				0.0,
				65997.0,
				0.0,
				-756.32840402354486,
				2249.187394138542,
				0.0,
				0.0,
				0.0,
				65997.0
			],
			"source_node_id" : 3,
			"target_node_id" : 4,
			"transformation" : 
			[
				0.99182303886549206,
				0.075948831083970533,
				0.10256137007957616,
				0.0,
				-0.075755217393306054,
				0.99710965065427903,
				-0.0057871936025568659,
				0.0,
				-0.10270446248004128,
				-0.0020296869411427164,
				0.99470984400357032,
				0.0,
				0.11310822358715306,
				0.0024830109967953376,
				0.0070214806010312318,
				1.0
			],
			"uncertain" : false,
			"version_major" : 1,
			"version_minor" : 0
		},
		{
			"class_name" : "PoseGraphEdge",
			"confidence" : 1.0,
			"information" : 
			[
				105643.86539514942,
				44.333744448491984,
				2235.339770761982,
				0.0,
				-82867.274599313736,
				-914.91374413226731,
				44.333744448491984,
				105555.06235205644,
				980.19684229185987,
				82867.274599313736,
				0.0,
				2027.161952912109,
				2235.339770761982,
				980.19684229185987,
				3989.8661722849702,
				914.91374413226731,
				-2027.161952912109,
				0.0,
				0.0,
				82867.274599313736,
				914.91374413226731,
				67248.0,
				0.0,
				0.0,
				-82867.274599313736,
				0.0,
				-2027.161952912109,
				0.0,
				67248.0,
				0.0,
				-914.91374413226731,
				2027.161952912109,
				0.0,
				0.0,
				0.0,
				67248.0
			],
			"source_node_id" : 4,
			"target_node_id" : 5,
			"transformation" : 
			[
				0.99160657399515473,
				0.079118188258482727,
				0.10225807888028815,
				0.0,
				-0.078844398324137963,
				0.99686426531351358,
				-0.0067229007023077852,
				0.0,
				-0.10246932839877806,
				-0.0013960041703735156,
				0.9947351848154663,
				0.0,
				0.11208748481698533,
				0.001646205063637204,
				0.0068528059254466759,
				1.0
			],
			"uncertain" : false,
			"version_major" : 1,
			"version_minor" : 0
		},
		{
			"class_name" : "PoseGraphEdge",
			"confidence" : 1.0,
			"information" : 
			[
				106824.70250975795,
				49.524809015450515,
				1836.579244070856,
				0.0,
				-84156.837815999985,
				-1018.3730389256962,
				49.524809015450515,
				106775.25650994276,
				1094.8056969755057,
				84156.837815999985,
				0.0,
				1648.8722673727898,
				1836.579244070856,
				1094.8056969755057,
				4063.4911372284732,
				1018.3730389256962,
				-1648.8722673727898,
				0.0,
				0.0,
				84156.837815999985,
				1018.3730389256962,
				68659.0,
				0.0,
				0.0,
				-84156.837815999985,
				0.0,
				-1648.8722673727898,
				0.0,
				68659.0,
				0.0,
				-1018.3730389256962,
				1648.8722673727898,
				0.0,
				0.0,
				0.0,
				68659.0
			],
			"source_node_id" : 5,
			"target_node_id" : 6,
			"transformation" : 
			[
				0.99141572537460376,
				0.080890666391192939,
				0.10272078451188003,
				0.0,
				-0.080622240121480948,
				0.99672174322054263,
				-0.0067691202675454632,
				0.0,
				-0.10293159805298667,
				-0.0015705674741871771,
				0.99468719678101258,
				0.0,
				0.11179065205373197,
				0.0015174004810075276,
				0.0066453169475878997,
				1.0
			],
			"uncertain" : false,
			"version_major" : 1,
			"version_minor" : 0
		},
		{
			"class_name" : "PoseGraphEdge",
			"confidence" : 1.0,
			"information" : 
			[
				107654.15508765678,
				57.701645645503241,
				1400.7178209730941,
				0.0,
				-85032.976075291634,
				-1084.7861683750525,
				57.701645645503241,
				107633.03161981364,
				1170.4895217643216,
				85032.976075291634,
				0.0,
				1246.4651386775076,
				1400.7178209730941,
				1170.4895217643216,
				4115.1811044256265,
				1084.7861683750525,
				-1246.4651386775076,
				0.0,
				0.0,
				85032.976075291634,
				1084.7861683750525,
				69586.0,
				0.0,
				0.0,
				-85032.976075291634,
				0.0,
				-1246.4651386775076,
				0.0,
				69586.0,
				0.0,
				-1084.7861683750525,
				1246.4651386775076,
				0.0,
				0.0,
				0.0,
				69586.0
			],
			"source_node_id" : 6,
			"target_node_id" : 7,
			"transformation" : 
			[
				0.9911162334776108,
				0.081941039125659115,
				0.10475818748031714,
				0.0,
				-0.081828562826897933,
				0.99663190724302775,
				-0.0053784543141884855,
				0.0,
				-0.10484606832322554,
				-0.003241538544055185,
				0.99448317953851251,
				0.0,
				0.11386753722539097,
				0.0033739572786822447,
				0.0065701091905252442,
				1.0
			],
			"uncertain" : false,
			"version_major" : 1,
			"version_minor" : 0
		},
		{
			"class_name" : "PoseGraphEdge",
			"confidence" : 1.0,
			"information" : 
			[
				108164.25879442084,
				61.161589898750861,
				900.05461023329508,
				0.0,
				-85551.66242992878,
				-1113.1386581439292,
				61.161589898750861,
				108172.14192217818,
				1208.5478600798883,
				85551.66242992878,
				0.0,
				787.75824597594328,
				900.05461023329508,
				1208.5478600798883,
				4149.6019086957594,
				1113.1386581439292,
				-787.75824597594328,
				0.0,
				0.0,
				85551.66242992878,
				1113.1386581439292,
				70109.0,
				0.0,
				0.0,
				-85551.66242992878,
				0.0,
				-787.75824597594328,
				0.0,
				70109.0,
				0.0,
				-1113.1386581439292,
				787.75824597594328,
				0.0,
				0.0,
				0.0,
				70109.0
			],
			"source_node_id" : 7,
			"target_node_id" : 8,
			"transformation" : 
			[
				0.99111407682144448,
				0.082532898344476704,
				0.10431302611484568,
				0.0,
				-0.082646934040570011,
				0.99657363588219761,
				-0.0032361332221056455,
				0.0,
				-0.1042226991593955,
				-0.0054137745979874613,
				0.99453925011762734,
				0.0,
				0.11305410462159259,
				0.0058319470785690849,
				0.0060991224386614711,
				1.0
			],
			"uncertain" : false,
			"version_major" : 1,
			"version_minor" : 0
		},
		{
			"class_name" : "PoseGraphEdge",
			"confidence" : 1.0,
			"information" : 
			[
				108218.56053366046,
				60.860375144839786,
				343.2756090793979,
				0.0,
				-85591.729053378105,
				-1107.7288272593869,
				60.860375144839786,
				108249.08229658002,
				1212.2802956076548,
				85591.729053378105,
				0.0,
				285.56257814075798,
				343.2756090793979,
				1212.2802956076548,
				4160.2598073195177,
				1107.7288272593869,
				-285.56257814075798,
				0.0,
				0.0,
				85591.729053378105,
				1107.7288272593869,
				70122.0,
				0.0,
				0.0,
				-85591.729053378105,
				0.0,
				-285.56257814075798,
				0.0,
				70122.0,
				0.0,
				-1107.7288272593869,
				285.56257814075798,
				0.0,
				0.0,
				0.0,
				70122.0
			],
			"source_node_id" : 8,
			"target_node_id" : 9,
			"transformation" : 
			[
				0.99149153090655939,
				0.082482303235135376,
				0.10070359374717015,
				0.0,
				-0.082835023496801996,
				0.99656304113945648,
				-0.00068111464661842279,
				0.0,
				-0.10041365954317256,
				-0.0076664651505606706,
				0.99491623883080882,
				0.0,
				0.10858571501942886,
				0.0084256063444165929,
				0.0052162969722927676,
				1.0
			],
			"uncertain" : false,
			"version_major" : 1,
			"version_minor" : 0
		},
		{
			"class_name" : "PoseGraphEdge",
			"confidence" : 1.0,
			"information" : 
			[
				107529.88306080704,
				50.156743837518,
				-297.40006980504535,
				0.0,
				-84902.316224396229,
				-1105.9432373743039,
				50.156743837518,
				107576.76415679441,
				1221.9135053375985,
				84902.316224396229,
				0.0,
				-283.12280405312777,
				-297.40006980504535,
				1221.9135053375985,
				4132.8804230503883,
				1105.9432373743039,
				283.12280405312777,
				0.0,
				0.0,
				84902.316224396229,
				1105.9432373743039,
				69398.0,
				0.0,
				0.0,
				-84902.316224396229,
				0.0,
				283.12280405312777,
				0.0,
				69398.0,
				0.0,
				-1105.9432373743039,
				-283.12280405312777,
				0.0,
				0.0,
				0.0,
				69398.0
			],
			"source_node_id" : 9,
			"target_node_id" : 10,
			"transformation" : 
			[
				0.99227328006720694,
				0.080833895665390773,
				0.09412554900887718,
				0.0,
				-0.081386793590792553,
				0.99668049681452686,
				0.002043795136165667,
				0.0,
				-0.093647891026309479,
				-0.0096885799323540335,
				0.99555823733482318,
				0.0,
				0.10106206589207778,
				0.010756674090398731,
				0.0042245816396172739,
				1.0
			],
			"uncertain" : false,
			"version_major" : 1,
			"version_minor" : 0
		},
		{
			"class_name" : "PoseGraphEdge",
			"confidence" : 1.0,
			"information" : 
			[
				105988.80150001173,
				34.811544415117467,
				-1044.6734185306711,
				0.0,
				-83302.525170743465,
				-1047.3178446064703,
				34.811544415117467,
				106013.60183768524,
				1163.4140162303593,
				83302.525170743465,
				0.0,
				-954.38041322783101,
				-1044.6734185306711,
				1163.4140162303593,
				4053.2841790666334,
				1047.3178446064703,
				954.38041322783101,
				0.0,
				0.0,
				83302.525170743465,
				1047.3178446064703,
				67709.0,
				0.0,
				0.0,
				-83302.525170743465,
				0.0,
				954.38041322783101,
				0.0,
				67709.0,
				0.0,
				-1047.3178446064703,
				-954.38041322783101,
				0.0,
				0.0,
				0.0,
				67709.0
			],
			"source_node_id" : 10,
			"target_node_id" : 11,
			"transformation" : 
			[
				0.99291142051514991,
				0.079814239699637773,
				0.088071551319108432,
				0.0,
				-0.080368906091986519,
				0.99676135441272673,
				0.0027642870480167059,
				0.0,
				-0.087565689309015524,
				-0.0098229064168989105,
				0.99611031545976936,
				0.0,
				0.094679231826918384,
				0.0107712980762357,
				0.0037967454033246964,
				1.0
			],
			"uncertain" : false,
			"version_major" : 1,
			"version_minor" : 0
		},
		{
			"class_name" : "PoseGraphEdge",
			"confidence" : 1.0,
			"information" : 
			[
				103107.88275476414,
				18.996847667952103,
				-1918.2251530734029,
				0.0,
				-80485.845042765141,
				-948.53699452360161,
				18.996847667952103,
				103073.79302741634,
				1055.7423809761926,
				80485.845042765141,
				0.0,
				-1739.6823283670237,
				-1918.2251530734029,
				1055.7423809761926,
				3894.0143108184416,
				948.53699452360161,
				1739.6823283670237,
				0.0,
				0.0,
				80485.845042765141,
				948.53699452360161,
				64873.0,
				0.0,
				0.0,
				-80485.845042765141,
				0.0,
				1739.6823283670237,
				0.0,
				64873.0,
				0.0,
				-948.53699452360161,
				-1739.6823283670237,
				0.0,
				0.0,
				0.0,
				64873.0
			],
			"source_node_id" : 11,
			"target_node_id" : 12,
			"transformation" : 
			[
				0.99286476907178056,
				0.071025796119088602,
				0.095785628471549672,
				0.0,
				-0.07134752821668415,
				0.9974515155310274,
				-6.6198386787066858e-05,
				0.0,
				-0.09554622207816249,
				-0.006768341784116459,
				0.99540198362072985,
				0.0,
				0.10629281401565266,
				0.0070644818311622415,
				0.0042454440325504937,
				1.0
			],
			"uncertain" : false,
			"version_major" : 1,
			"version_minor" : 0
		},
		{
			"class_name" : "PoseGraphEdge",
			"confidence" : 1.0,
			"information" : 
			[
				104149.07970053569,
				6.7882870727015359,
				-1520.6203166322907,
				0.0,
				-81296.323831140995,
				-628.2586897467263,
				6.7882870727015359,
				104105.51276946696,
				713.1779812129962,
				81296.323831140995,
				0.0,
				-1363.2426131477114,
				-1520.6203166322907,
				713.1779812129962,
				3905.1608890946818,
				628.2586897467263,
				1363.2426131477114,
				0.0,
				0.0,
				81296.323831140995,
				628.2586897467263,
				65490.0,
				0.0,
				0.0,
				-81296.323831140995,
				0.0,
				1363.2426131477114,
				0.0,
				65490.0,
				0.0,
				-628.2586897467263,
				-1363.2426131477114,
				0.0,
				0.0,
				0.0,
				65490.0
			],
			"source_node_id" : 12,
			"target_node_id" : 13,
			"transformation" : 
			[
				0.99199579300581786,
				0.072467938112959485,
				0.10340572810253576,
				0.0,
				-0.072553186448196832,
				0.99736020670267367,
				-0.0029416359756997503,
				0.0,
				-0.10334593264842343,
				-0.0045843245583861098,
				0.99463490898589102,
				0.0,
				0.11254694232241187,
				0.005136718251811629,
				0.0055965896111499847,
				1.0
			],
			"uncertain" : false,
			"version_major" : 1,
			"version_minor" : 0
		},
		{
			"class_name" : "PoseGraphEdge",
			"confidence" : 1.0,
			"information" : 
			[
				106685.68951907888,
				7.7823284023034631,
				-837.71706710535193,
				0.0,
				-83264.225412607193,
				-354.87010155129246,
				7.7823284023034631,
				106687.06245961272,
				409.68521123546452,
				83264.225412607193,
				0.0,
				-753.10856801178306,
				-837.71706710535193,
				409.68521123546452,
				4027.7529695303883,
				354.87010155129246,
				753.10856801178306,
				0.0,
				0.0,
				83264.225412607193,
				354.87010155129246,
				67040.0,
				0.0,
				0.0,
				-83264.225412607193,
				0.0,
				753.10856801178306,
				0.0,
				67040.0,
				0.0,
				-354.87010155129246,
				-753.10856801178306,
				0.0,
				0.0,
				0.0,
				67040.0
			],
			"source_node_id" : 13,
			"target_node_id" : 14,
			"transformation" : 
			[
				0.99220724969436436,
				0.071835717192610754,
				0.10180571393280755,
				0.0,
				-0.071909459426871797,
				0.99740680067941656,
				-0.0029501870086252337,
				0.0,
				-0.10175364022422241,
				-0.0043935969175628448,
				0.9947999261194409,
				0.0,
				0.11073477110533464,
				0.0049385345066028929,
				0.0054946197241236431,
				1.0
			],
			"uncertain" : false,
			"version_major" : 1,
			"version_minor" : 0
		}
	],
	"nodes" : 
	[
		{
			"class_name" : "PoseGraphNode",
			"pose" : 
			[
				1.0,
				0.0,
				0.0,
				0.0,
				0.0,
				1.0,
				0.0,
				0.0,
				0.0,
				0.0,
				1.0,
				0.0,
				0.0,
				0.0,
				0.0,
				1.0
			],
			"version_major" : 1,
			"version_minor" : 0
		},
		{
			"class_name" : "PoseGraphNode",
			"pose" : 
			[
				0.99226959822059846,
				-0.074106284067817385,
				-0.099545482613684719,
				0.0,
				0.074092592050685913,
				0.99724397464961678,
				-0.0038396390776487357,
				0.0,
				0.099555674124291435,
				-0.0035656257088937703,
				0.99502560472731627,
				0.0,
				-0.10839560345102313,
				0.0038948262586622857,
				0.0052898672870761183,
				1.0
			],
			"version_major" : 1,
			"version_minor" : 0
		},
		{
			"class_name" : "PoseGraphNode",
			"pose" : 
			[
				0.96879539891291322,
				-0.14741998005363927,
				-0.19925567627084917,
				0.0,
				0.14765164559935129,
				0.988943424754678,
				-0.013780209950998681,
				0.0,
				0.19908406916921406,
				-0.016070224499821022,
				0.97985064233665298,
				0.0,
				-0.21698970233380166,
				0.017615385161983039,
				0.021452169956203672,
				1.0
			],
			"version_major" : 1,
			"version_minor" : 0
		},
		{
			"class_name" : "PoseGraphNode",
			"pose" : 
			[
				0.9291777266777197,
				-0.2190784829766739,
				-0.29771357131085302,
				0.0,
				0.21989847717665176,
				0.97502440725414641,
				-0.031177956862044508,
				0.0,
				0.29710841789052828,
				-0.036496897886548585,
				0.95414598697643971,
				0.0,
				-0.32388487507477015,
				0.040004822014142655,
				0.048910030594394305,
				1.0
			],
			"version_major" : 1,
			"version_minor" : 0
		},
		{
			"class_name" : "PoseGraphNode",
			"pose" : 
			[
				0.8744070592189086,
				-0.28740187839165682,
				-0.39091233682896881,
				0.0,
				0.28922981889155736,
				0.95564156867588301,
				-0.055635457063430822,
				0.0,
				0.389561813647199,
				-0.064415467984383731,
				0.91874492696953469,
				0.0,
				-0.42624096577342258,
				0.070591761369475661,
				0.086812624361109578,
				1.0
			],
			"version_major" : 1,
			"version_minor" : 0
		},
		{
			"class_name" : "PoseGraphNode",
			"pose" : 
			[
				0.80434549980709757,
				-0.35373596674465535,
				-0.47738787455411169,
				0.0,
				0.35696054332545113,
				0.92999613860264818,
				-0.087671846638275305,
				0.0,
				0.47498156537792818,
				-0.099890179774543314,
				0.87430799180594254,
				0.0,
				-0.52024061651030196,
				0.10939469983451108,
				0.13447469335296774,
				1.0
			],
			"version_major" : 1,
			"version_minor" : 0
		},
		{
			"class_name" : "PoseGraphNode",
			"pose" : 
			[
				0.71977120693511421,
				-0.41539591622571859,
				-0.55621546405162403,
				0.0,
				0.42010838789502802,
				0.89849031864724194,
				-0.12737381880677548,
				0.0,
				0.55266477369867495,
				-0.14199077463052528,
				0.82121876977600339,
				0.0,
				-0.60501441431994196,
				0.15541228422919903,
				0.19139040084712328,
				1.0
			],
			"version_major" : 1,
			"version_minor" : 0
		},
		{
			"class_name" : "PoseGraphNode",
			"pose" : 
			[
				0.62105533334713814,
				-0.47034063292222106,
				-0.626952918442365,
				0.0,
				0.4758807403397225,
				0.8618864154575705,
				-0.17518369736770567,
				0.0,
				0.62275821463453218,
				-0.18955604942081758,
				0.75910520366624978,
				0.0,
				-0.68142964636597414,
				0.20730624975467293,
				0.2583836438620839,
				1.0
			],
			"version_major" : 1,
			"version_minor" : 0
		},
		{
			"class_name" : "PoseGraphNode",
			"pose" : 
			[
				0.51130105715445129,
				-0.51763744880647655,
				-0.68601946076322196,
				0.0,
				0.52213622373702706,
				0.82114091685102797,
				-0.230437320186406,
				0.0,
				0.68260163551985065,
				-0.24037276523387241,
				0.69012748164338633,
				0.0,
				-0.74644267135114872,
				0.26250450060305275,
				0.33307568599908394,
				1.0
			],
			"version_major" : 1,
			"version_minor" : 0
		},
		{
			"class_name" : "PoseGraphNode",
			"pose" : 
			[
				0.39515697331771749,
				-0.55711566470159446,
				-0.73039243053476377,
				0.0,
				0.55728181020667344,
				0.77746556971059388,
				-0.29152062007233076,
				0.0,
				0.73026567114383156,
				-0.29183800996217929,
				0.61769136750497033,
				0.0,
				-0.79785579360882852,
				0.31797099829424635,
				0.41162004668936175,
				1.0
			],
			"version_major" : 1,
			"version_minor" : 0
		},
		{
			"class_name" : "PoseGraphNode",
			"pose" : 
			[
				0.27836048640467553,
				-0.58875640368198434,
				-0.7588684581217009,
				0.0,
				0.58029875168837042,
				0.73267843664811727,
				-0.35557793415760447,
				0.0,
				0.76535534126147431,
				-0.34139157223682165,
				0.5456033321087751,
				0.0,
				-0.83546287009706188,
				0.37103299016944291,
				0.4898327509396066,
				1.0
			],
			"version_major" : 1,
			"version_minor" : 0
		},
		{
			"class_name" : "PoseGraphNode",
			"pose" : 
			[
				0.1627304620677173,
				-0.61357333324066132,
				-0.77268788100446617,
				0.0,
				0.59311848638884013,
				0.68666786359980658,
				-0.42035426273928583,
				0.0,
				0.7884981026096608,
				-0.38989102302467155,
				0.47566346543090288,
				0.0,
				-0.8602524477985064,
				0.42320965474141159,
				0.56571203394075575,
				1.0
			],
			"version_major" : 1,
			"version_minor" : 0
		},
		{
			"class_name" : "PoseGraphNode",
			"pose" : 
			[
				0.043913789878191153,
				-0.62093478631807197,
				-0.7826311840187975,
				0.0,
				0.59782816910461467,
				0.64397728244560837,
				-0.47738322123739568,
				0.0,
				0.80042055151248759,
				-0.44691526135734289,
				0.39949178950554093,
				0.0,
				-0.87254165499149738,
				0.4865585484172345,
				0.65057654988563995,
				1.0
			],
			"version_major" : 1,
			"version_minor" : 0
		},
		{
			"class_name" : "PoseGraphNode",
			"pose" : 
			[
				-0.08253225220994756,
				-0.61650042510038428,
				-0.78301701973596882,
				0.0,
				0.59576298052672183,
				0.59932825647285426,
				-0.5346700964399671,
				0.0,
				0.79890856697063051,
				-0.51062008072955412,
				0.3178242199340281,
				0.0,
				-0.87078433232427743,
				0.55572293684795493,
				0.73967043915895736,
				1.0
			],
			"version_major" : 1,
			"version_minor" : 0
		},
		{
			"class_name" : "PoseGraphNode",
			"pose" : 
			[
				-0.20602194774811083,
				-0.60283611018065286,
				-0.77080709733910324,
				0.0,
				0.58477920262411143,
				0.55573078747146576,
				-0.59092857100892571,
				0.0,
				0.78459431633448573,
				-0.57249621493823588,
				0.23803328056599835,
				0.0,
				-0.85516953877458446,
				0.62287900884711644,
				0.82663600542963955,
				1.0
			],
			"version_major" : 1,
			"version_minor" : 0
		}
	],
	"version_major" : 1,
	"version_minor" : 0
}