{
	"class_name" : "PoseGraph",
	"edges" : 
	[
		{
			"class_name" : "PoseGraphEdge",
			"confidence" : 1.0,
			"information" : 
			[
				107999.55559999216,
				0.89650081029193274,
				680.69199310678721,
				0.0,
				-84308.865418851376,
				-194.80809138668701,
				0.89650081029193274,
				108004.12534573977,
				231.66175350698336,
				84308.865418851376,
				0.0,
				635.58584066363983,
				680.69199310678721,
				231.66175350698336,
				4075.7367752266759,
				194.80809138668701,
				-635.58584066363983,
				0.0,
				0.0,
				84308.865418851376,
				194.80809138668701,
				67897.0,
				0.0,
				0.0,
				-84308.865418851376,
				0.0,
				-635.58584066363983,
				0.0,
				67897.0,
				0.0,
				-194.80809138668701,
				635.58584066363983,
				0.0,
				0.0,
				0.0,
				67897.0
			],
			"source_node_id" : 0,
			"target_node_id" : 1,
			"transformation" : 
			[
				0.99280649267785825,
				0.071872042568319208,
				0.095758433538503218,
				0.0,
				-0.071882261150870652,
				0.99740750730201577,
				-0.0033473735103759076,
				0.0,
				-0.095750763070214059,
				-0.0035600385724938932,
				0.99539897402842148,
				0.0,
				0.10174576101089036,
				0.0034021916812761316,
				0.0046976935359740518,
				1.0
			],
			"uncertain" : false,
			"version_major" : 1,
			"version_minor" : 0
		},
		{
			"class_name" : "PoseGraphEdge",
			"confidence" : 1.0,
			"information" : 
			[
				107234.89844966531,
				2.4399534708960005,
				1419.4940242148314,
				0.0,
				-83750.490161180496,
				-290.63714268663898,
				2.4399534708960005,
				107198.4176434571,
				329.97211906980891,
				83750.490161180496,
				0.0,
				1297.4143944603857,
				1419.4940242148314,
				329.97211906980891,
				4040.0249425335205,
				290.63714268663898,
				-1297.4143944603857,
				0.0,
				0.0,
				83750.490161180496,
				290.63714268663898,
				67511.0,
				0.0,
				0.0,
				-83750.490161180496,
				0.0,
				-1297.4143944603857,
				0.0,
				67511.0,
				0.0,
				-290.63714268663898,
				1297.4143944603857,
				0.0,
				0.0,
				0.0,
				67511.0
			],
			"source_node_id" : 1,
			"target_node_id" : 2,
			"transformation" : 
			[
				0.99266698199526437,
				0.072451827806457036,
				0.096762572846719311,
				0.0,
				-0.072327568008449653,
				0.99736940189972301,
				-0.0047957335383999235,
				0.0,
				-0.096855489066940581,
				-0.0022380352302267298,
				0.99529593862122867,
				0.0,
				0.10319555124807969,
				0.0018651591638021083,
				0.004824374158860922,
				1.0
			],
			"uncertain" : false,
			"version_major" : 1,
			"version_minor" : 0
		},
		{
			"class_name" : "PoseGraphEdge",
			"confidence" : 1.0,
			"information" : 
			[
				105224.6090385462,
				16.297707103961216,
				2139.8296837526909,
				0.0,
				-82240.914738476276,
				-519.03088063839823,
				16.297707103961216,
				105129.8711412361,
				577.47680111076227,
				82240.914738476276,
				0.0,
				1929.2107074595988,
				2139.8296837526909,
				577.47680111076227,
				3944.5161269124742,
				519.03088063839823,
				-1929.2107074595988,
				0.0,
				0.0,
				82240.914738476276,
				519.03088063839823,
				66386.0,
				0.0,
				0.0,
				-82240.914738476276,
				0.0,
				-1929.2107074595988,
				0.0,
				66386.0,
				0.0,
				-519.03088063839823,
				1929.2107074595988,
				0.0,
				0.0,
				0.0,
				66386.0
			],
			"source_node_id" : 2,
			"target_node_id" : 3,
			"transformation" : 
			[
				0.99234821977109455,
				0.073183516524861977,
				0.099444374532676016,
				0.0,
				-0.07303608742106385,
				0.99731611936372666,
				-0.0051271816331877208,
				0.0,
				-0.099552702883259778,
				-0.0021750784657646543,
				0.99502991331030077,
				0.0,
				0.1064422475702127,
				0.0017575404990927753,
				0.0050891834814968812,
				1.0
			],
			"uncertain" : false,
			"version_major" : 1,
			"version_minor" : 0
		},
		{
			"class_name" : "PoseGraphEdge",
			"confidence" : 1.0,
			"information" : 
			[
				103830.79157317217,
				35.172284971805787,
				2536.2650584669541,
				0.0,
				-81188.025743186474,
				-803.5354748594109,
				35.172284971805787,
				103706.21763846705,
				879.57225526645016,
				81188.025743186474,
				0.0,
				2291.2599999960512,
				2536.2650584669541,
				879.57225526645016,
				3890.8276809175877,
				803.5354748594109,
				-2291.2599999960512,
				0.0,
				0.0,
				81188.025743186474,
				803.5354748594109,
				65617.0,
				0.0,
				0.0,
				-81188.025743186474,
				0.0,
				-2291.2599999960512,
				0.0,
				65617.0,
				0.0,
				-803.5354748594109,
				2291.2599999960512,
				0.0,
				0.0,
				0.0,
				65617.0
			],
			"source_node_id" : 3,
			"target_node_id" : 4,
			"transformation" : 
			[
				0.99238857225092281,
				0.073922290209607999,
				0.098490693346839048,
				0.0,
				-0.073762856426258364,
				0.99726191635798733,
				-0.0052641422695114421,
				0.0,
				-0.098610155043047043,
				-0.0020408802416993325,
				0.99512404861415416,
				0.0,
				0.10666163491707667,
				0.0018994911227144021,
				0.0054935200295486456,
				1.0
			],
			"uncertain" : false,
			"version_major" : 1,
			"version_minor" : 0
		},
		{
			"class_name" : "PoseGraphEdge",
			"confidence" : 1.0,
			"information" : 
			[
				105563.03994700601,
				41.187385187597812,
				2166.0743427140505,
				0.0,
				-82887.829707384109,
				-934.34226818650495,
				41.187385187597812,
				105486.41294795102,
				1020.523087345761,
				82887.829707384109,
				0.0,
				1963.5725087160245,
				2166.0743427140505,
				1020.523087345761,
				3992.4566521798779,
				934.34226818650495,
				-1963.5725087160245,
				0.0,
				0.0,
				82887.829707384109,
				934.34226818650495,
				67347.0,
				0.0,
				0.0,
				-82887.829707384109,
				0.0,
				-1963.5725087160245,
				0.0,
				67347.0,
				0.0,
				-934.34226818650495,
				1963.5725087160245,
				0.0,
				0.0,
				0.0,
				67347.0
			],
			"source_node_id" : 4,
			"target_node_id" : 5,
			"transformation" : 
			[
				0.99217383924949332,
				0.078084600500279475,
				0.097436481225629021,
				0.0,
				-0.077821478750131859,
				0.99694609619105179,
				-0.0065037477321551133,
				0.0,
				-0.097646762127903533,
				-0.0011298026962653885,
				0.99522049486121633,
				0.0,
				0.10571210309642769,
				0.00099065476309237802,
				0.0055263514307958518,
				1.0
			],
			"uncertain" : false,
			"version_major" : 1,
			"version_minor" : 0
		},
		{
			"class_name" : "PoseGraphEdge",
			"confidence" : 1.0,
			"information" : 
			[
				106660.91725200228,
				49.849209507347481,
				1786.5412173427062,
				0.0,
				-84061.191671311855,
				-1037.3284775697393,
				49.849209507347481,
				106615.24790577232,
				1133.0729657602994,
				84061.191671311855,
				0.0,
				1611.7936839315807,
				1786.5412173427062,
				1133.0729657602994,
				4058.8134265474873,
				1037.3284775697393,
				-1611.7936839315807,
				0.0,
				0.0,
				84061.191671311855,
				1037.3284775697393,
				68609.0,
				0.0,
				0.0,
				-84061.191671311855,
				0.0,
				-1611.7936839315807,
				0.0,
				68609.0,
				0.0,
				-1037.3284775697393,
				1611.7936839315807,
				0.0,
				0.0,
				0.0,
				68609.0
			],
			"source_node_id" : 5,
			"target_node_id" : 6,
			"transformation" : 
			[
				0.99168275660524918,
				0.080440949733399228,
				0.10047170675271475,
				0.0,
				-0.0802156330586382,
				0.99675770601160507,
				-0.0062871074021574038,
				0.0,
				-0.100651688832412,
				-0.001824585562006144,
				0.99492005127181504,
				0.0,
				0.10901272304058565,
				0.0018256080081270286,
				0.0058751177320262565,
				1.0
			],
			"uncertain" : false,
			"version_major" : 1,
			"version_minor" : 0
		},
		{
			"class_name" : "PoseGraphEdge",
			"confidence" : 1.0,
			"information" : 
			[
				85193.377549778874,
				188.09596953025311,
				2255.052054247722,
				0.0,
				-66422.852506816387,
				-1900.6166187572526,
				188.09596953025311,
				85127.714682263861,
				2111.9762928604914,
				66422.852506816387,
				0.0,
				1820.6566630356247,
				2255.052054247722,
				2111.9762928604914,
				2902.0305679562525,
				1900.6166187572526,
				-1820.6566630356247,
				0.0,
				0.0,
				66422.852506816387,
				1900.6166187572526,
				53570.0,
				0.0,
				0.0,
				-66422.852506816387,
				0.0,
				-1820.6566630356247,
				0.0,
				53570.0,
				0.0,
				-1900.6166187572526,
				1820.6566630356247,
				0.0,
				0.0,
				0.0,
				53570.0
			],
			"source_node_id" : 5,
			"target_node_id" : 10,
			"transformation" : 
			[
				0.79844001907534434,
				0.36453092883777599,
				0.47917714663747479,
				0.0,
				-0.36718846068727867,
				0.92555808068330903,
				-0.092276072846293411,
				0.0,
				-0.47714376269324726,
				-0.10227140950674463,
				0.87285416222896794,
				0.0,
				0.51688955658773295,
				0.11144042998609263,
				0.14151301838577693,
				1.0
			],
			"uncertain" : true,
			"version_major" : 1,
			"version_minor" : 0
		},
		{
			"class_name" : "PoseGraphEdge",
			"confidence" : 1.0,
			"information" : 
			[
				107492.61900683588,
				58.154610191271885,
				1349.8618255391668,
				0.0,
				-84938.997807979584,
				-1100.8268334813183,
				58.154610191271885,
				107474.58335099074,
				1205.0990854409074,
				84938.997807979584,
				0.0,
				1212.585588060203,
				1349.8618255391668,
				1205.0990854409074,
				4109.8093267286549,
				1100.8268334813183,
				-1212.585588060203,
				0.0,
				0.0,
				84938.997807979584,
				1100.8268334813183,
				69537.0,
				0.0,
				0.0,
				-84938.997807979584,
				0.0,
				-1212.585588060203,
				0.0,
				69537.0,
				0.0,
				-1100.8268334813183,
				1212.585588060203,
				0.0,
				0.0,
				0.0,
				69537.0
			],
			"source_node_id" : 6,
			"target_node_id" : 7,
			"transformation" : 
			[
				0.99138985297792603,
				0.081503369482347612,
				0.10248590232529249,
				0.0,
				-0.081454352535396873,
				0.99666613151563488,
				-0.00467019728686607,
				0.0,
				-0.10252486462046534,
				-0.0037179366163085561,
				0.99472349378200231,
				0.0,
				0.11104289200920323,
				0.0039091889371356443,
				0.0057709739253344345,
				1.0
			],
			"uncertain" : false,
			"version_major" : 1,
			"version_minor" : 0
		},
		{
			"class_name" : "PoseGraphEdge",
			"confidence" : 1.0,
			"information" : 
			[
				107956.32325379443,
				61.882614111985404,
				833.02733090676486,
				0.0,
				-85418.994262158871,
				-1131.7983163703466,
				61.882614111985404,
				107965.47354477894,
				1244.8238804938419,
				85418.994262158871,
				0.0,
				741.97331614582799,
				833.02733090676486,
				1244.8238804938419,
				4141.0214036200059,
				1131.7983163703466,
				-741.97331614582799,
				0.0,
				0.0,
				85418.994262158871,
				1131.7983163703466,
				70028.0,
				0.0,
				0.0,
				-85418.994262158871,
				0.0,
				-741.97331614582799,
				0.0,
				70028.0,
				0.0,
				-1131.7983163703466,
				741.97331614582799,
				0.0,
				0.0,
				0.0,
				70028.0
			],
			"source_node_id" : 7,
			"target_node_id" : 8,
			"transformation" : 
			[
				0.99134632307864234,
				0.082284321955695447,
				0.10228273597604787,
				0.0,
				-0.082474860392513227,
				0.99659032268228254,
				-0.0023719484100793681,
				0.0,
				-0.10212915901783351,
				-0.0060843320353244157,
				0.99475253997262736,
				0.0,
				0.11060520137690352,
				0.0066113837062810226,
				0.0053171217948065289,
				1.0
			],
			"uncertain" : false,
			"version_major" : 1,
			"version_minor" : 0
		},
		{
			"class_name" : "PoseGraphEdge",
			"confidence" : 1.0,
			"information" : 
			[
				107929.59141007377,
				61.774435210798103,
				259.53740066762606,
				0.0,
				-85382.305314362049,
				-1128.2496840954991,
				61.774435210798103,
				107957.77452687203,
				1248.4326055944341,
				85382.305314362049,
				0.0,
				226.25004366645589,
				259.53740066762606,
				1248.4326055944341,
				4146.4091117190192,
				1128.2496840954991,
				-226.25004366645589,
				0.0,
				0.0,
				85382.305314362049,
				1128.2496840954991,
				69968.0,
				0.0,
				0.0,
				-85382.305314362049,
				0.0,
				-226.25004366645589,
				0.0,
				69968.0,
				0.0,
				-1128.2496840954991,
				226.25004366645589,
				0.0,
				0.0,
				0.0,
				69968.0
			],
			"source_node_id" : 8,
			"target_node_id" : 9,
			"transformation" : 
			[
				0.99167939377463732,
				0.082269618385733531,
				0.099013584186378858,
				0.0,
				-0.082703043661334782,
				0.99657419769820743,
				0.00027395497206455355,
				0.0,
				-0.098651845050757664,
				-0.0084604002766498609,
				0.99508604406615997,
				0.0,
				0.10653846448396657,
				0.0092865862995800789,
				0.0044447181885208407,
				1.0
			],
			"uncertain" : false,
			"version_major" : 1,
			"version_minor" : 0
		},
		{
			"class_name" : "PoseGraphEdge",
			"confidence" : 1.0,
			"information" : 
			[
				107375.87990213145,
				47.784796580653804,
				-364.1562336437791,
				0.0,
				-84772.762524724007,
				-1146.1202192539349,
				47.784796580653804,
				107427.77000729457,
				1276.0918088169819,
				84772.762524724007,
				0.0,
				-332.23224640684202,
				-364.1562336437791,
				1276.0918088169819,
				4122.1495864876561,
				1146.1202192539349,
				332.23224640684202,
				0.0,
				0.0,
				84772.762524724007,
				1146.1202192539349,
				69281.0,
				0.0,
				0.0,
				-84772.762524724007,
				0.0,
				332.23224640684202,
				0.0,
				69281.0,
				0.0,
				-1146.1202192539349,
				-332.23224640684202,
				0.0,
				0.0,
				0.0,
				69281.0
			],
			"source_node_id" : 9,
			"target_node_id" : 10,
			"transformation" : 
			[
				0.99233144053759104,
				0.081173260903470199,
				0.093215952684539069,
				0.0,
				-0.08178856972482515,
				0.99664578828585215,
				0.002793305289212527,
				0.0,
				-0.092676544945074921,
				-0.01039588410711097,
				0.99564199570461787,
				0.0,
				0.10011415646070662,
				0.011436058275894393,
				0.0036925883222234533,
				1.0
			],
			"uncertain" : false,
			"version_major" : 1,
			"version_minor" : 0
		},
		{
			"class_name" : "PoseGraphEdge",
			"confidence" : 1.0,
			"information" : 
			[
				106023.30895360322,
				24.980412112888878,
				-1078.9196125651151,
				0.0,
				-83272.088229358196,
				-1119.4479369397741,
				24.980412112888878,
				106067.06280163457,
				1245.4046611247586,
				83272.088229358196,
				0.0,
				-987.46256935328711,
				-1078.9196125651151,
				1245.4046611247586,
				4052.7890666117764,
				1119.4479369397741,
				987.46256935328711,
				0.0,
				0.0,
				83272.088229358196,
				1119.4479369397741,
				67613.0,
				0.0,
				0.0,
				-83272.088229358196,
				0.0,
				987.46256935328711,
				0.0,
				67613.0,
				0.0,
				-1119.4479369397741,
				-987.46256935328711,
				0.0,
				0.0,
				0.0,
				67613.0
			],
			"source_node_id" : 10,
			"target_node_id" : 11,
			"transformation" : 
			[
				0.99271529025721561,
				0.080727268606403127,
				0.089439703671701051,
				0.0,
				-0.0812836855969679,
				0.99668764021779477,
				0.0025904232965322073,
				0.0,
				-0.088934329397063194,
				-0.0098415415678425391,
				0.99598886997509306,
				0.0,
				0.096915573442791905,
				0.010652886958221872,
				0.0035425601570411741,
				1.0
			],
			"uncertain" : false,
			"version_major" : 1,
			"version_minor" : 0
		},
		{
			"class_name" : "PoseGraphEdge",
			"confidence" : 1.0,
			"information" : 
			[
				103219.50568175927,
				24.914295999364107,
				-1943.4899971371594,
				0.0,
				-80607.489497601986,
				-920.02737930603325,
				24.914295999364107,
				103183.08029771455,
				1025.595199362805,
				80607.489497601986,
				0.0,
				-1743.3562730316771,
				-1943.4899971371594,
				1025.595199362805,
				3894.1436630634498,
				920.02737930603325,
				1743.3562730316771,
				0.0,
				0.0,
				80607.489497601986,
				920.02737930603325,
				64992.0,
				0.0,
				0.0,
				-80607.489497601986,
				0.0,
				1743.3562730316771,
				0.0,
				64992.0,
				0.0,
				-920.02737930603325,
				-1743.3562730316771,
				0.0,
				0.0,
				0.0,
				64992.0
			],
			"source_node_id" : 11,
			"target_node_id" : 12,
			"transformation" : 
			[
				0.99285977681950466,
				0.072336873887654973,
				0.094851674998838911,
				0.0,
				-0.072649007810009547,
				0.99735755631172307,
				-0.00016288685905225638,
				0.0,
				-0.094612817515096995,
				-0.0067291562672576717,
				0.99549140288492011,
				0.0,
				0.10522663221979317,
				0.0071868025136314958,
				0.0040551083085143018,
				1.0
			],
			"uncertain" : false,
			"version_major" : 1,
			"version_minor" : 0
		},
		{
			"class_name" : "PoseGraphEdge",
			"confidence" : 1.0,
			"information" : 
			[
				104209.80242158766,
				10.289631084264297,
				-1615.80598045632,
				0.0,
				-81387.439223110676,
				-634.7946980826091,
				10.289631084264297,
				104165.92470087904,
				723.00178080259366,
				81387.439223110676,
				0.0,
				-1421.0287052800413,
				-1615.80598045632,
				723.00178080259366,
				3910.1079149329753,
				634.7946980826091,
				1421.0287052800413,
				0.0,
				0.0,
				81387.439223110676,
				634.7946980826091,
				65595.0,
				0.0,
				0.0,
				-81387.439223110676,
				0.0,
				1421.0287052800413,
				0.0,
				65595.0,
				0.0,
				-634.7946980826091,
				-1421.0287052800413,
				0.0,
				0.0,
				0.0,
				65595.0
			],
			"source_node_id" : 12,
			"target_node_id" : 13,
			"transformation" : 
			[
				0.99213698191481703,
				0.073572200779747812,
				0.10124890315149776,
				0.0,
				-0.073756741892414962,
				0.99727440469690265,
				-0.0019247757929946338,
				0.0,
				-0.10111454960772252,
				-0.0055581479705107458,
				0.99485926384025081,
				0.0,
				0.11075084317629279,
				0.0060766282717260285,
				0.0049388589105996434,
				1.0
			],
			"uncertain" : false,
			"version_major" : 1,
			"version_minor" : 0
		},
		{
			"class_name" : "PoseGraphEdge",
			"confidence" : 1.0,
			"information" : 
			[
				106754.41866171196,
				11.043503366044185,
				-922.13406536478658,
				0.0,
				-83349.198155283928,
				-355.21085116174072,
				11.043503366044185,
				106753.59028331531,
				409.68520718332388,
				83349.198155283928,
				0.0,
				-803.01731559284963,
				-922.13406536478658,
				409.68520718332388,
				4030.2999956452063,
				355.21085116174072,
				803.01731559284963,
				0.0,
				0.0,
				83349.198155283928,
				355.21085116174072,
				67132.0,
				0.0,
				0.0,
				-83349.198155283928,
				0.0,
				803.01731559284963,
				0.0,
				67132.0,
				0.0,
				-355.21085116174072,
				-803.01731559284963,
				0.0,
				0.0,
				0.0,
				67132.0
			],
			"source_node_id" : 13,
			"target_node_id" : 14,
			"transformation" : 
			[
				0.99227576525372263,
				0.073541230943995672,
				0.099902417595270326,
				0.0,
				-0.073643826806211302,
				0.99728104455232236,
				-0.002665511201385036,
				0.0,
				-0.099826812347558441,
				-0.004712274171761178,
				0.99499366933094369,
				0.0,
				0.1091335565443623,
				0.0051607569481654679,
				0.00503113431067487,
				1.0
			],
			"uncertain" : false,
			"version_major" : 1,
			"version_minor" : 0
		}
	],
	"nodes" : 
	[
		{
			"class_name" : "PoseGraphNode",
			"pose" : 
			[
				1.0,
				0.0,
				0.0,
				0.0,
				0.0,
				1.0,
				0.0,
				0.0,
				0.0,
				0.0,
				1.0,
				0.0,
				0.0,
				0.0,
				0.0,
				1.0
			],
			"version_major" : 1,
			"version_minor" : 0
		},
		{
			"class_name" : "PoseGraphNode",
			"pose" : 
			[
				0.9928064926778577,
				-0.071882261150870597,
				-0.095750763070213976,
				0.0,
				0.071872042568319153,
				0.997407507302015,
				-0.0035600385724939014,
				0.0,
				0.095758433538503218,
				-0.003347373510375918,
				0.99539897402842137,
				0.0,
				-0.10170821837365268,
				0.0039360687746957937,
				0.0050782668635602213,
				1.0
			],
			"version_major" : 1,
			"version_minor" : 0
		},
		{
			"class_name" : "PoseGraphNode",
			"pose" : 
			[
				0.97105316483241089,
				-0.14317099505371772,
				-0.19120098651494191,
				0.0,
				0.14339931041445428,
				0.98958321934070825,
				-0.01271572931209536,
				0.0,
				0.19102981139502193,
				-0.015070440425143581,
				0.98146853896789488,
				0.0,
				-0.20310564683329435,
				0.01693765376545189,
				0.020098103468065495,
				1.0
			],
			"version_major" : 1,
			"version_minor" : 0
		},
		{
			"class_name" : "PoseGraphNode",
			"pose" : 
			[
				0.9341320207973256,
				-0.21285046550463452,
				-0.28651709731805675,
				0.0,
				0.21366402428792575,
				0.9764823186083823,
				-0.028809133452539232,
				0.0,
				0.28591091697623772,
				-0.034306861990830939,
				0.95764188858578492,
				0.0,
				-0.30436733494600671,
				0.038052322403874711,
				0.045772645212099165,
				1.0
			],
			"version_major" : 1,
			"version_minor" : 0
		},
		{
			"class_name" : "PoseGraphNode",
			"pose" : 
			[
				0.88306775381439429,
				-0.27987548965542236,
				-0.37664446426748127,
				0.0,
				0.28154866271226098,
				0.95814425065959441,
				-0.051864684062490528,
				0.0,
				0.37539538182846344,
				-0.060243715175128533,
				0.92490486109856729,
				0.0,
				-0.40115382654490939,
				0.066415263261300705,
				0.080963692680422389,
				1.0
			],
			"version_major" : 1,
			"version_minor" : 0
		},
		{
			"class_name" : "PoseGraphNode",
			"pose" : 
			[
				0.81759004679374614,
				-0.34636673780011201,
				-0.45997456269831749,
				0.0,
				0.34921871023552092,
				0.93343226799525869,
				-0.082161386835108471,
				0.0,
				0.45781307081082689,
				-0.093457391419498659,
				0.88412267711207526,
				0.0,
				-0.49045898095975132,
				0.10262218882327545,
				0.12478399202167424,
				1.0
			],
			"version_major" : 1,
			"version_minor" : 0
		},
		{
			"class_name" : "PoseGraphNode",
			"pose" : 
			[
				0.73669749271331075,
				-0.40895513735233807,
				-0.53854665523337086,
				0.0,
				0.41301884124825289,
				0.90271425782650883,
				-0.12050894361285325,
				0.0,
				0.53543649577132058,
				-0.13365127889349043,
				0.83393350732912852,
				0.0,
				-0.57466814365237162,
				0.14634071656788719,
				0.17881297394933388,
				1.0
			],
			"version_major" : 1,
			"version_minor" : 0
		},
		{
			"class_name" : "PoseGraphNode",
			"pose" : 
			[
				0.64181668244964896,
				-0.46526139961512475,
				-0.60959263131824493,
				0.0,
				0.46969449974196242,
				0.86687041253423691,
				-0.16710106159109175,
				0.0,
				0.60618348958172186,
				-0.17907405702920048,
				0.77490261262795268,
				0.0,
				-0.65127171786590221,
				0.19564935940861064,
				0.24268518952761794,
				1.0
			],
			"version_major" : 1,
			"version_minor" : 0
		},
		{
			"class_name" : "PoseGraphNode",
			"pose" : 
			[
				0.5356156099421665,
				-0.51444151118473536,
				-0.6696759290554265,
				0.0,
				0.51721622197021178,
				0.82672049137360781,
				-0.22140598201909703,
				0.0,
				0.66753524110502316,
				-0.22777875386643609,
				0.70888189507837651,
				0.0,
				-0.71748247134600762,
				0.24829462734009786,
				0.3144494190457876,
				1.0
			],
			"version_major" : 1,
			"version_minor" : 0
		},
		{
			"class_name" : "PoseGraphNode",
			"pose" : 
			[
				0.42253002440431459,
				-0.55606255250569192,
				-0.71572537762590616,
				0.0,
				0.55386161793932642,
				0.78349250303659823,
				-0.28173889660299961,
				0.0,
				0.71742991758813679,
				-0.27736967279480979,
				0.63903081143492468,
				0.0,
				-0.77083042886112774,
				0.30149353712618104,
				0.39047778247690096,
				1.0
			],
			"version_major" : 1,
			"version_minor" : 0
		},
		{
			"class_name" : "PoseGraphNode",
			"pose" : 
			[
				0.30750135222848379,
				-0.59017342202330125,
				-0.74641694133705394,
				0.0,
				0.57884367044471885,
				0.73861059562497455,
				-0.34553493776549615,
				0.0,
				0.75523699827520385,
				-0.32580626140058555,
				0.56874190672785196,
				0.0,
				-0.81102413661818962,
				0.35333452601896737,
				0.46705611288834231,
				1.0
			],
			"version_major" : 1,
			"version_minor" : 0
		},
		{
			"class_name" : "PoseGraphNode",
			"pose" : 
			[
				0.19104425123630589,
				-0.61693581000829989,
				-0.76347383740306662,
				0.0,
				0.59431737989663769,
				0.69172739909391912,
				-0.41024389976641795,
				0.0,
				0.78120992442643511,
				-0.37537103200988442,
				0.49880621718807605,
				0.0,
				-0.83863797879760882,
				0.40708609449696831,
				0.54365184850724613,
				1.0
			],
			"version_major" : 1,
			"version_minor" : 0
		},
		{
			"class_name" : "PoseGraphNode",
			"pose" : 
			[
				0.072591112650651768,
				-0.62726914890396768,
				-0.77541211313561131,
				0.0,
				0.60130958993694095,
				0.64779827084142294,
				-0.4677437090381143,
				0.0,
				0.79571182435226506,
				-0.43230870350729139,
				0.42420735196108406,
				0.0,
				-0.85382468801346811,
				0.47018897490573514,
				0.62688722866132007,
				1.0
			],
			"version_major" : 1,
			"version_minor" : 0
		},
		{
			"class_name" : "PoseGraphNode",
			"pose" : 
			[
				-0.052788351540275148,
				-0.62640371025602437,
				-0.77770931698106127,
				0.0,
				0.6005886671960261,
				0.60228589889399264,
				-0.52587541188874698,
				0.0,
				0.79781366419569599,
				-0.49484349826075674,
				0.34441728971074237,
				0.0,
				-0.85556817676966868,
				0.53834780868520438,
				0.71451371225806759,
				1.0
			],
			"version_major" : 1,
			"version_minor" : 0
		},
		{
			"class_name" : "PoseGraphNode",
			"pose" : 
			[
				-0.17625344465384843,
				-0.61652121033575513,
				-0.76735671004676254,
				0.0,
				0.59131405629209666,
				0.55691364868393967,
				-0.58326226925880631,
				0.0,
				0.78694498542086255,
				-0.55655079293419318,
				0.26639970871845831,
				0.0,
				-0.84334386554272089,
				0.6055569468621711,
				0.79992786125744464,
				1.0
			],
			"version_major" : 1,
			"version_minor" : 0
		}
	],
	"version_major" : 1,
	"version_minor" : 0
}