{
	"class_name" : "PoseGraph",
	"edges" : 
	[
		{
			"class_name" : "PoseGraphEdge",
			"confidence" : 1.0,
			"information" : 
			[
				108060.32548510155,
				-5.2871361642332317,
				639.90140069571453,
				0.0,
				-84441.5599822402,
				-165.16379877622239,
				-5.2871361642332317,
				108057.746568492,
				186.28319820823361,
				84441.5599822402,
				0.0,
				592.05692259641364,
				639.90140069571453,
				186.28319820823361,
				4095.9791826581072,
				165.16379877622239,
				-592.05692259641364,
				0.0,
				0.0,
				84441.5599822402,
				165.16379877622239,
				68050.0,
				0.0,
				0.0,
				-84441.5599822402,
				0.0,
				-592.05692259641364,
				0.0,
				68050.0,
				0.0,
				-165.16379877622239,
				592.05692259641364,
				0.0,
				0.0,
				0.0,
				68050.0
			],
			"source_node_id" : 0,
			"target_node_id" : 1,
			"transformation" : 
			[
				0.99229239006949699,
				0.07328260854585307,
				0.099927333071988256,
				0.0,
				-0.073323842912151813,
				0.99730283959632815,
				-0.0032649952059756494,
				0.0,
				-0.099897080391565488,
				-0.0040872261762977024,
				0.99498938080334487,
				0.0,
				0.10830367468379287,
				0.0046452134433088571,
				0.0054665665205299533,
				1.0
			],
			"uncertain" : false,
			"version_major" : 1,
			"version_minor" : 0
		},
		{
			"class_name" : "PoseGraphEdge",
			"confidence" : 1.0,
			"information" : 
			[
				107249.33020397952,
				-2.6103343599161946,
				1399.2413442704096,
				0.0,
				-83849.423128306866,
				-260.12756331730634,
				-2.6103343599161946,
				107200.70216689259,
				282.61375604656649,
				83849.423128306866,
				0.0,
				1271.6620198294986,
				1399.2413442704096,
				282.61375604656649,
				4055.1471384074957,
				260.12756331730634,
				-1271.6620198294986,
				0.0,
				0.0,
				83849.423128306866,
				260.12756331730634,
				67638.0,
				0.0,
				0.0,
				-83849.423128306866,
				0.0,
				-1271.6620198294986,
				0.0,
				67638.0,
				0.0,
				-260.12756331730634,
				1271.6620198294986,
				0.0,
				0.0,
				0.0,
				67638.0
			],
			"source_node_id" : 1,
			"target_node_id" : 2,
			"transformation" : 
			[
				0.99222243829665646,
				0.073354551923187516,
				0.10056710522226112,
				0.0,
				-0.073256392593130243,
				0.99730218972513762,
				-0.0046736830963724045,
				0.0,
				-0.10063863018184475,
				-0.002729850104408113,
				0.99491930026185083,
				0.0,
				0.10888765901506189,
				0.003147303702337343,
				0.0055803883430639448,
				1.0
			],
			"uncertain" : false,
			"version_major" : 1,
			"version_minor" : 0
		},
		{
			"class_name" : "PoseGraphEdge",
			"confidence" : 1.0,
			"information" : 
			[
				105246.39147793423,
				12.586372985494052,
				2135.2558624716889,
				0.0,
				-82345.448630869389,
				-484.85002156207338,
				12.586372985494052,
				105139.4695583337,
				525.00179859277296,
				82345.448630869389,
				0.0,
				1918.0558471505065,
				2135.2558624716889,
				525.00179859277296,
				3959.0434727170355,
				484.85002156207338,
				-1918.0558471505065,
				0.0,
				0.0,
				82345.448630869389,
				484.85002156207338,
				66516.0,
				0.0,
				0.0,
				-82345.448630869389,
				0.0,
				-1918.0558471505065,
				0.0,
				66516.0,
				0.0,
				-484.85002156207338,
				1918.0558471505065,
				0.0,
				0.0,
				0.0,
				66516.0
			],
			"source_node_id" : 2,
			"target_node_id" : 3,
			"transformation" : 
			[
				0.99199072734795046,
				0.073922220712650671,
				0.10242022329889465,
				0.0,
				-0.073760997776703016,
				0.99726151238942295,
				-0.0053657351542459484,
				0.0,
				-0.10253639384467592,
				-0.0022318583446222949,
				0.99472674978893527,
				0.0,
				0.11092667474235643,
				0.0025472246863325037,
				0.0058737875989950845,
				1.0
			],
			"uncertain" : false,
			"version_major" : 1,
			"version_minor" : 0
		},
		{
			"class_name" : "PoseGraphEdge",
			"confidence" : 1.0,
			"information" : 
			[
				103905.94307670314,
				32.721344170730617,
				2535.0603391225409,
				0.0,
				-81321.836476683617,
				-759.52110722754151,
				32.721344170730617,
				103769.36124075635,
				816.2262210819016,
				81321.836476683617,
				0.0,
				2287.3056521466933,
				2535.0603391225409,
				816.2262210819016,
				3904.8747297511445,
				759.52110722754151,
				-2287.3056521466933,
				0.0,
				0.0,
				81321.836476683617,
				759.52110722754151,
				65758.0,
				0.0,
				0.0,
				-81321.836476683617,
				0.0,
				-2287.3056521466933,
				0.0,
				65758.0,
				0.0,
				-759.52110722754151,
				2287.3056521466933,
				0.0,
				0.0,
				0.0,
				65758.0
			],
			"source_node_id" : 3,
			"target_node_id" : 4,
			"transformation" : 
			[
				0.99201634599233424,
				0.074917239984870182,
				0.10144445000622544,
				0.0,
				-0.074687619536080274,
				0.99718853470054802,
				-0.0060651257041280026,
				0.0,
				-0.10161362493312558,
				-0.0015599406471186426,
				0.99482271677577139,
				0.0,
				0.11091221378433468,
				0.0020234514491790181,
				0.006377898617543923,
				1.0
			],
			"uncertain" : false,
			"version_major" : 1,
			"version_minor" : 0
		},
		{
			"class_name" : "PoseGraphEdge",
			"confidence" : 1.0,
			"information" : 
			[
				105469.48976045608,
				43.66265703290307,
				2204.6692632995896,
				0.0,
				-82818.17763710022,
				-913.65842082526069,
				43.66265703290307,
				105379.19569110018,
				982.3804207628441,
				82818.17763710022,
				0.0,
				2007.345055631944,
				2204.6692632995896,
				982.3804207628441,
				3995.5698532607012,
				913.65842082526069,
				-2007.345055631944,
				0.0,
				0.0,
				82818.17763710022,
				913.65842082526069,
				67254.0,
				0.0,
				0.0,
				-82818.17763710022,
				0.0,
				-2007.345055631944,
				0.0,
				67254.0,
				0.0,
				-913.65842082526069,
				2007.345055631944,
				0.0,
				0.0,
				0.0,
				67254.0
			],
			"source_node_id" : 4,
			"target_node_id" : 5,
			"transformation" : 
			[
				0.99185952986563486,
				0.079278021496155177,
				0.099647721109806603,
				0.0,
				-0.078865057000824593,
				0.99685253184115263,
				-0.0080828550735024263,
				0.0,
				-0.09997487583877937,
				0.00015833362784899472,
				0.9949899492615405,
				0.0,
				0.10880235638113125,
				2.7009916387958421e-06,
				0.0064114562944607191,
				1.0
			],
			"uncertain" : false,
			"version_major" : 1,
			"version_minor" : 0
		},
		{
			"class_name" : "PoseGraphEdge",
			"confidence" : 1.0,
			"information" : 
			[
				106581.72589735876,
				50.917723516648792,
				1815.4980803071671,
				0.0,
				-84022.233183383942,
				-1013.1406515261624,
				50.917723516648792,
				106524.19422836765,
				1093.9049489622712,
				84022.233183383942,
				0.0,
				1645.505842469167,
				1815.4980803071671,
				1093.9049489622712,
				4061.1316718823505,
				1013.1406515261624,
				-1645.505842469167,
				0.0,
				0.0,
				84022.233183383942,
				1013.1406515261624,
				68568.0,
				0.0,
				0.0,
				-84022.233183383942,
				0.0,
				-1645.505842469167,
				0.0,
				68568.0,
				0.0,
				-1013.1406515261624,
				1645.505842469167,
				0.0,
				0.0,
				0.0,
				68568.0
			],
			"source_node_id" : 5,
			"target_node_id" : 6,
			"transformation" : 
			[
				0.99154972518878326,
				0.080605760431222279,
				0.10164572722623867,
				0.0,
				-0.080198549030266825,
				0.99674605352213896,
				-0.0080930539031962515,
				0.0,
				-0.10196732423421931,
				-0.00012717446501836249,
				0.99478774048294827,
				0.0,
				0.1103951371161873,
				0.00010132321823968978,
				0.0064151094298052647,
				1.0
			],
			"uncertain" : false,
			"version_major" : 1,
			"version_minor" : 0
		},
		{
			"class_name" : "PoseGraphEdge",
			"confidence" : 1.0,
			"information" : 
			[
				107396.88598914287,
				60.050180129388714,
				1367.660277989208,
				0.0,
				-84896.846885800362,
				-1076.1048505947692,
				60.050180129388714,
				107367.08300529257,
				1167.6854695186503,
				84896.846885800362,
				0.0,
				1234.643246027641,
				1367.660277989208,
				1167.6854695186503,
				4109.9429971862646,
				1076.1048505947692,
				-1234.643246027641,
				0.0,
				0.0,
				84896.846885800362,
				1076.1048505947692,
				69509.0,
				0.0,
				0.0,
				-84896.846885800362,
				0.0,
				-1234.643246027641,
				0.0,
				69509.0,
				0.0,
				-1076.1048505947692,
				1234.643246027641,
				0.0,
				0.0,
				0.0,
				69509.0
			],
			"source_node_id" : 6,
			"target_node_id" : 7,
			"transformation" : 
			[
				0.9913267687496532,
				0.08085687706815535,
				0.10360213796614565,
				0.0,
				-0.080628172226993283,
				0.99672369897656399,
				-0.0064004485631946112,
				0.0,
				-0.10378022645815227,
				-0.0020083150303190312,
				0.99459822605262749,
				0.0,
				0.11229958104268191,
				0.0021534060080723961,
				0.0061530347280520968,
				1.0
			],
			"uncertain" : false,
			"version_major" : 1,
			"version_minor" : 0
		},
		{
			"class_name" : "PoseGraphEdge",
			"confidence" : 1.0,
			"information" : 
			[
				107917.55715409794,
				64.797607150455633,
				858.96586860749449,
				0.0,
				-85426.437951624393,
				-1111.8821147703566,
				64.797607150455633,
				107917.02505710052,
				1213.9971004687104,
				85426.437951624393,
				0.0,
				770.99350034061354,
				858.96586860749449,
				1213.9971004687104,
				4142.1981199425118,
				1111.8821147703566,
				-770.99350034061354,
				0.0,
				0.0,
				85426.437951624393,
				1111.8821147703566,
				70048.0,
				0.0,
				0.0,
				-85426.437951624393,
				0.0,
				-770.99350034061354,
				0.0,
				70048.0,
				0.0,
				-1111.8821147703566,
				770.99350034061354,
				0.0,
				0.0,
				0.0,
				70048.0
			],
			"source_node_id" : 7,
			"target_node_id" : 8,
			"transformation" : 
			[
				0.99138150074777942,
				0.080894294268997483,
				0.10304772258425661,
				0.0,
				-0.080960017867972328,
				0.99671102260270916,
				-0.0035514685805909658,
				0.0,
				-0.10299609449828022,
				-0.0048218852103904201,
				0.99467007290916243,
				0.0,
				0.11129349862068308,
				0.0053277378044529694,
				0.005488161555644887,
				1.0
			],
			"uncertain" : false,
			"version_major" : 1,
			"version_minor" : 0
		},
		{
			"class_name" : "PoseGraphEdge",
			"confidence" : 1.0,
			"information" : 
			[
				107885.42517838707,
				62.485422515673946,
				287.07521238116487,
				0.0,
				-85392.404437959194,
				-1132.6665248909267,
				62.485422515673946,
				107911.59522626421,
				1246.6891321346334,
				85392.404437959194,
				0.0,
				256.67891351832077,
				287.07521238116487,
				1246.6891321346334,
				4150.4215263508086,
				1132.6665248909267,
				-256.67891351832077,
				0.0,
				0.0,
				85392.404437959194,
				1132.6665248909267,
				69994.0,
				0.0,
				0.0,
				-85392.404437959194,
				0.0,
				-256.67891351832077,
				0.0,
				69994.0,
				0.0,
				-1132.6665248909267,
				256.67891351832077,
				0.0,
				0.0,
				0.0,
				69994.0
			],
			"source_node_id" : 8,
			"target_node_id" : 9,
			"transformation" : 
			[
				0.99172894798245126,
				0.080685619108145479,
				0.099817456402955931,
				0.0,
				-0.081017344755148629,
				0.996712422589207,
				-0.00073246513855702801,
				0.0,
				-0.099548398191262419,
				-0.007360538396685312,
				0.99500549691550155,
				0.0,
				0.10743731274420978,
				0.0081094270984105651,
				0.0045738513149807839,
				1.0
			],
			"uncertain" : false,
			"version_major" : 1,
			"version_minor" : 0
		},
		{
			"class_name" : "PoseGraphEdge",
			"confidence" : 1.0,
			"information" : 
			[
				107246.56880865031,
				50.822715673244147,
				-346.36515913292061,
				0.0,
				-84718.138243734837,
				-1138.5212052145507,
				50.822715673244147,
				107288.60744149037,
				1260.6061058596752,
				84718.138243734837,
				0.0,
				-309.68781555327587,
				-346.36515913292061,
				1260.6061058596752,
				4124.0498792541912,
				1138.5212052145507,
				309.68781555327587,
				0.0,
				0.0,
				84718.138243734837,
				1138.5212052145507,
				69256.0,
				0.0,
				0.0,
				-84718.138243734837,
				0.0,
				309.68781555327587,
				0.0,
				69256.0,
				0.0,
				-1138.5212052145507,
				-309.68781555327587,
				0.0,
				0.0,
				0.0,
				69256.0
			],
			"source_node_id" : 9,
			"target_node_id" : 10,
			"transformation" : 
			[
				0.99221598904815145,
				0.079803503900056041,
				0.095597237629920451,
				0.0,
				-0.080281955156593601,
				0.9967715159944226,
				0.0011630040474974511,
				0.0,
				-0.095195791679214645,
				-0.008828684355754176,
				0.99541941691887526,
				0.0,
				0.10288283880820528,
				0.0095564600896936597,
				0.0039740403661506149,
				1.0
			],
			"uncertain" : false,
			"version_major" : 1,
			"version_minor" : 0
		},
		{
			"class_name" : "PoseGraphEdge",
			"confidence" : 1.0,
			"information" : 
			[
				105827.10670369022,
				38.826034216324615,
				-1072.4066179538995,
				0.0,
				-83209.822664141655,
				-1067.5493811966153,
				38.826034216324615,
				105846.36993539555,
				1181.6710701604659,
				83209.822664141655,
				0.0,
				-963.84186766156927,
				-1072.4066179538995,
				1181.6710701604659,
				4049.3942504577526,
				1067.5493811966153,
				963.84186766156927,
				0.0,
				0.0,
				83209.822664141655,
				1067.5493811966153,
				67632.0,
				0.0,
				0.0,
				-83209.822664141655,
				0.0,
				963.84186766156927,
				0.0,
				67632.0,
				0.0,
				-1067.5493811966153,
				-963.84186766156927,
				0.0,
				0.0,
				0.0,
				67632.0
			],
			"source_node_id" : 10,
			"target_node_id" : 11,
			"transformation" : 
			[
				0.99259120518971122,
				0.078989859306721213,
				0.092321728248238699,
				0.0,
				-0.079469177989961642,
				0.99683616260167596,
				0.001521406968852873,
				0.0,
				-0.09190946158931107,
				-0.0088468670312978458,
				0.99572806720213225,
				0.0,
				0.099925096787384579,
				0.0092607640541018509,
				0.0036703938037487534,
				1.0
			],
			"uncertain" : false,
			"version_major" : 1,
			"version_minor" : 0
		},
		{
			"class_name" : "PoseGraphEdge",
			"confidence" : 1.0,
			"information" : 
			[
				102728.49604935716,
				24.600378607029114,
				-1892.0198206311632,
				0.0,
				-80288.843550086021,
				-921.02900744695216,
				24.600378607029114,
				102662.44892652912,
				1038.4074670517298,
				80288.843550086021,
				0.0,
				-1681.6009927965933,
				-1892.0198206311632,
				1038.4074670517298,
				3858.1155536160049,
				921.02900744695216,
				1681.6009927965933,
				0.0,
				0.0,
				80288.843550086021,
				921.02900744695216,
				64802.0,
				0.0,
				0.0,
				-80288.843550086021,
				0.0,
				1681.6009927965933,
				0.0,
				64802.0,
				0.0,
				-921.02900744695216,
				-1681.6009927965933,
				0.0,
				0.0,
				0.0,
				64802.0
			],
			"source_node_id" : 11,
			"target_node_id" : 12,
			"transformation" : 
			[
				0.99317572173930047,
				0.071523568764093437,
				0.092121467958709888,
				0.0,
				-0.071884268479795732,
				0.99741279972715369,
				0.0005990705844534617,
				0.0,
				-0.091840283605530426,
				-0.00721706669558416,
				0.99574759666070345,
				0.0,
				0.099427792863140935,
				0.0076307827802276768,
				0.0041610568861583071,
				1.0
			],
			"uncertain" : false,
			"version_major" : 1,
			"version_minor" : 0
		},
		{
			"class_name" : "PoseGraphEdge",
			"confidence" : 1.0,
			"information" : 
			[
				104029.37866109326,
				10.618777950721871,
				-1514.0915077815937,
				0.0,
				-81219.039651215076,
				-640.63966333866119,
				10.618777950721871,
				103976.43373434749,
				733.66127570430035,
				81219.039651215076,
				0.0,
				-1340.339533990249,
				-1514.0915077815937,
				733.66127570430035,
				3889.7332795516368,
				640.63966333866119,
				1340.339533990249,
				0.0,
				0.0,
				81219.039651215076,
				640.63966333866119,
				65439.0,
				0.0,
				0.0,
				-81219.039651215076,
				0.0,
				1340.339533990249,
				0.0,
				65439.0,
				0.0,
				-640.63966333866119,
				-1340.339533990249,
				0.0,
				0.0,
				0.0,
				65439.0
			],
			"source_node_id" : 12,
			"target_node_id" : 13,
			"transformation" : 
			[
				0.99242300693848184,
				0.072080676772016891,
				0.099503524235426175,
				0.0,
				-0.072170800889352044,
				0.99738863788298271,
				-0.0026982440433075904,
				0.0,
				-0.099438175758465849,
				-0.004503449568470594,
				0.99503355126538984,
				0.0,
				0.10670224768455851,
				0.0047141297554585768,
				0.0051369827993275521,
				1.0
			],
			"uncertain" : false,
			"version_major" : 1,
			"version_minor" : 0
		},
		{
			"class_name" : "PoseGraphEdge",
			"confidence" : 1.0,
			"information" : 
			[
				106514.75074161377,
				12.002589315368823,
				-813.93182646994421,
				0.0,
				-83141.436134457588,
				-365.97621486638673,
				12.002589315368823,
				106508.46137352579,
				428.12820636973072,
				83141.436134457588,
				0.0,
				-717.06951206736267,
				-813.93182646994421,
				428.12820636973072,
				4008.9510757687731,
				365.97621486638673,
				717.06951206736267,
				0.0,
				0.0,
				83141.436134457588,
				365.97621486638673,
				66949.0,
				0.0,
				0.0,
				-83141.436134457588,
				0.0,
				717.06951206736267,
				0.0,
				66949.0,
				0.0,
				-365.97621486638673,
				-717.06951206736267,
				0.0,
				0.0,
				0.0,
				66949.0
			],
			"source_node_id" : 13,
			"target_node_id" : 14,
			"transformation" : 
			[
				0.99268940413458162,
				0.071523339390360804,
				0.097222213723919371,
				0.0,
				-0.071564152879697404,
				0.99743126910662328,
				-0.0030717146615929433,
				0.0,
				-0.09719217531025573,
				-0.0039083667691530285,
				0.99525795938925166,
				0.0,
				0.10377220968944476,
				0.0039926227358704309,
				0.0048402705401545572,
				1.0
			],
			"uncertain" : false,
			"version_major" : 1,
			"version_minor" : 0
		}
	],
	"nodes" : 
	[
		{
			"class_name" : "PoseGraphNode",
			"pose" : 
			[
				1.0,
				0.0,
				0.0,
				0.0,
				0.0,
				1.0,
				0.0,
				0.0,
				0.0,
				0.0,
				1.0,
				0.0,
				0.0,
				0.0,
				0.0,
				1.0
			],
			"version_major" : 1,
			"version_minor" : 0
		},
		{
			"class_name" : "PoseGraphNode",
			"pose" : 
			[
				0.99229239006949743,
				-0.073323842912151757,
				-0.09989708039156564,
				0.0,
				0.07328260854585314,
				0.99730283959632782,
				-0.0040872261762977162,
				0.0,
				0.099927333071988297,
				-0.0032649952059756525,
				0.9949893808033462,
				0.0,
				-0.10835558497712526,
				0.003326405385262935,
				0.0053990312971864095,
				1.0
			],
			"version_major" : 1,
			"version_minor" : 0
		},
		{
			"class_name" : "PoseGraphNode",
			"pose" : 
			[
				0.96914980531800077,
				-0.14548378590620889,
				-0.19895507756897926,
				0.0,
				0.14560128298126651,
				0.98924258105391349,
				-0.014120277051152527,
				0.0,
				0.19886910581156453,
				-0.015283450794520041,
				0.97990688072159182,
				0.0,
				-0.21545205680996377,
				0.016139635010033269,
				0.021638963808606818,
				1.0
			],
			"version_major" : 1,
			"version_minor" : 0
		},
		{
			"class_name" : "PoseGraphNode",
			"pose" : 
			[
				0.93025660341922778,
				-0.21571897649019856,
				-0.29679618423581988,
				0.0,
				0.21640041381078484,
				0.97581317846716231,
				-0.030975823352037933,
				0.0,
				0.29629970080552342,
				-0.035411352866512515,
				0.95443832875190016,
				0.0,
				-0.32093395046874651,
				0.037791007098806388,
				0.049034311964599384,
				1.0
			],
			"version_major" : 1,
			"version_minor" : 0
		},
		{
			"class_name" : "PoseGraphNode",
			"pose" : 
			[
				0.87655923811958336,
				-0.28327963830210973,
				-0.38909709404034709,
				0.0,
				0.28502205881542181,
				0.9569638828548539,
				-0.054612754004738508,
				0.0,
				0.38782254712153474,
				-0.06302994078047168,
				0.91957647779256291,
				0.0,
				-0.42120529726679617,
				0.067675807519511993,
				0.086435472751461156,
				1.0
			],
			"version_major" : 1,
			"version_minor" : 0
		},
		{
			"class_name" : "PoseGraphNode",
			"pose" : 
			[
				0.80817284190974303,
				-0.35014320953226263,
				-0.4735571670009609,
				0.0,
				0.35367824843387674,
				0.93148404049047784,
				-0.085142110006050403,
				0.0,
				0.47092287498514585,
				-0.098677328348426935,
				0.87663814124514472,
				0.0,
				-0.51215666354283251,
				0.10640236323482945,
				0.13233931124181536,
				1.0
			],
			"version_major" : 1,
			"version_minor" : 0
		},
		{
			"class_name" : "PoseGraphNode",
			"pose" : 
			[
				0.72496033146976102,
				-0.41182620854635038,
				-0.55211565070154867,
				0.0,
				0.41761089546039543,
				0.90024203085000642,
				-0.123147983677474,
				0.0,
				0.54775328185965533,
				-0.14129210822051819,
				0.8246228728131294,
				0.0,
				-0.595744969662798,
				0.1526811629113855,
				0.18801262598761501,
				1.0
			],
			"version_major" : 1,
			"version_minor" : 0
		},
		{
			"class_name" : "PoseGraphNode",
			"pose" : 
			[
				0.62815542002995517,
				-0.46617588712615199,
				-0.62297737563184319,
				0.0,
				0.47376064370827486,
				0.86427734490972052,
				-0.16904296361851268,
				0.0,
				0.61722898567720719,
				-0.18895690868013834,
				0.76375628698029874,
				0.0,
				-0.67110459056243388,
				0.20433403812189777,
				0.25363732344606099,
				1.0
			],
			"version_major" : 1,
			"version_minor" : 0
		},
		{
			"class_name" : "PoseGraphNode",
			"pose" : 
			[
				0.52081381789649717,
				-0.51266823625580416,
				-0.68258643893827819,
				0.0,
				0.52004043773650033,
				0.82463491538639433,
				-0.22256504542382352,
				0.0,
				0.67698663960738992,
				-0.23905759946097208,
				0.69608947264920817,
				0.0,
				-0.73555383363528182,
				0.25830922787987154,
				0.32697027306990706,
				1.0
			],
			"version_major" : 1,
			"version_minor" : 0
		},
		{
			"class_name" : "PoseGraphNode",
			"pose" : 
			[
				0.40698090871669934,
				-0.55143986074119145,
				-0.72820369397982809,
				0.0,
				0.55536996372288172,
				0.78231850286689042,
				-0.28203184831957834,
				0.0,
				0.72521082681836579,
				-0.2896408811922932,
				0.62464183065783896,
				0.0,
				-0.78709950753333946,
				0.31253506411652332,
				0.4046366189363379,
				1.0
			],
			"version_major" : 1,
			"version_minor" : 0
		},
		{
			"class_name" : "PoseGraphNode",
			"pose" : 
			[
				0.29018975954982407,
				-0.58238091280346405,
				-0.7593565538366166,
				0.0,
				0.57965280573249123,
				0.73834311493238103,
				-0.34474928489904827,
				0.0,
				0.76144108653189302,
				-0.34012044489292143,
				0.55183834109907082,
				0.0,
				-0.82552048030708092,
				0.36674777156046373,
				0.48386293180163564,
				1.0
			],
			"version_major" : 1,
			"version_minor" : 0
		},
		{
			"class_name" : "PoseGraphNode",
			"pose" : 
			[
				0.17199163087900998,
				-0.60548140557167285,
				-0.77705285947259228,
				0.0,
				0.59400455874204849,
				0.69301393135789091,
				-0.40852206199610563,
				0.0,
				0.78586096932042993,
				-0.39131056521749796,
				0.47885131141923287,
				0.0,
				-0.85109211596725887,
				0.42226898498457971,
				0.5635356675340395,
				1.0
			],
			"version_major" : 1,
			"version_minor" : 0
		},
		{
			"class_name" : "PoseGraphNode",
			"pose" : 
			[
				0.055944634655638745,
				-0.6152281581929262,
				-0.7863615651974537,
				0.0,
				0.59909759419458086,
				0.65073888902667165,
				-0.46649862908544959,
				0.0,
				0.79871914368162977,
				-0.44500922650533759,
				0.40498705885695691,
				0.0,
				-0.86454966691198254,
				0.48032582445850242,
				0.64359643786979048,
				1.0
			],
			"version_major" : 1,
			"version_minor" : 0
		},
		{
			"class_name" : "PoseGraphNode",
			"pose" : 
			[
				-0.067139785227948293,
				-0.61328001981857327,
				-0.78700690373774862,
				0.0,
				0.59796866917750469,
				0.60669758874112101,
				-0.52378574484019624,
				0.0,
				0.79870252279658693,
				-0.50577233327560134,
				0.32598869147767151,
				0.0,
				-0.86430752393668919,
				0.54550227365393777,
				0.72836643910621335,
				1.0
			],
			"version_major" : 1,
			"version_minor" : 0
		},
		{
			"class_name" : "PoseGraphNode",
			"pose" : 
			[
				-0.1870697102663334,
				-0.60305726315095853,
				-0.77545268125253719,
				0.0,
				0.58850896453972579,
				0.56325205468330497,
				-0.58000372546339785,
				0.0,
				0.78655077532048367,
				-0.56486198336931615,
				0.24953720681860761,
				0.0,
				-0.85105169955459192,
				0.60856809027818326,
				0.80994478581973184,
				1.0
			],
			"version_major" : 1,
			"version_minor" : 0
		}
	],
	"version_major" : 1,
	"version_minor" : 0
}