{
	"class_name" : "PoseGraph",
	"edges" : 
	[
		{
			"class_name" : "PoseGraphEdge",
			"confidence" : 1.0,
			"information" : 
			[
				108209.74254722989,
				-4.2871587340387549,
				692.52549231379089,
				0.0,
				-84463.00605225563,
				-171.31251864577644,
				-4.2871587340387549,
				108219.1032130789,
				198.78872519618744,
				84463.00605225563,
				0.0,
				627.0177367660217,
				692.52549231379089,
				198.78872519618744,
				4092.018188600809,
				171.31251864577644,
				-627.0177367660217,
				0.0,
				0.0,
				84463.00605225563,
				171.31251864577644,
				68010.0,
				0.0,
				0.0,
				-84463.00605225563,
				0.0,
				-627.0177367660217,
				0.0,
				68010.0,
				0.0,
				-171.31251864577644,
				627.0177367660217,
				0.0,
				0.0,
				0.0,
				68010.0
			],
			"source_node_id" : 0,
			"target_node_id" : 1,
			"transformation" : 
			[
				0.99238541349340348,
				0.071679359395317513,
				0.10016616455772037,
				0.0,
				-0.071675653340317197,
				0.99742134918045311,
				-0.0036404556422604401,
				0.0,
				-0.10016881652373714,
				-0.003566740209419321,
				0.99496406294926643,
				0.0,
				0.10820635711991058,
				0.0039662767042034268,
				0.0055554507875198922,
				1.0
			],
			"uncertain" : false,
			"version_major" : 1,
			"version_minor" : 0
		},
		{
			"class_name" : "PoseGraphEdge",
			"confidence" : 1.0,
			"information" : 
			[
				107414.67189435819,
				-1.6707853323477764,
				1441.5083623430146,
				0.0,
				-83888.845171034336,
				-272.75705507444218,
				-1.6707853323477764,
				107379.01947655391,
				303.567901276052,
				83888.845171034336,
				0.0,
				1296.755407103803,
				1441.5083623430146,
				303.567901276052,
				4052.7870970859813,
				272.75705507444218,
				-1296.755407103803,
				0.0,
				0.0,
				83888.845171034336,
				272.75705507444218,
				67617.0,
				0.0,
				0.0,
				-83888.845171034336,
				0.0,
				-1296.755407103803,
				0.0,
				67617.0,
				0.0,
				-272.75705507444218,
				1296.755407103803,
				0.0,
				0.0,
				0.0,
				67617.0
			],
			"source_node_id" : 1,
			"target_node_id" : 2,
			"transformation" : 
			[
				0.99220225292048503,
				0.072444050538089125,
				0.10142262489774616,
				0.0,
				-0.072388188781739374,
				0.99736753853278448,
				-0.0042359421566583412,
				0.0,
				-0.10146250255347231,
				-0.0031388887667603269,
				0.99483441232845138,
				0.0,
				0.10970623710387885,
				0.0034782816384244025,
				0.0057384348586755054,
				1.0
			],
			"uncertain" : false,
			"version_major" : 1,
			"version_minor" : 0
		},
		{
			"class_name" : "PoseGraphEdge",
			"confidence" : 1.0,
			"information" : 
			[
				105504.62864319404,
				12.471745134663507,
				2158.3570222450517,
				0.0,
				-82459.220466852188,
				-499.02177989832126,
				12.471745134663507,
				105412.24440198923,
				548.19891504190036,
				82459.220466852188,
				0.0,
				1926.721022768179,
				2158.3570222450517,
				548.19891504190036,
				3961.8898805420004,
				499.02177989832126,
				-1926.721022768179,
				0.0,
				0.0,
				82459.220466852188,
				499.02177989832126,
				66556.0,
				0.0,
				0.0,
				-82459.220466852188,
				0.0,
				-1926.721022768179,
				0.0,
				66556.0,
				0.0,
				-499.02177989832126,
				1926.721022768179,
				0.0,
				0.0,
				0.0,
				66556.0
			],
			"source_node_id" : 2,
			"target_node_id" : 3,
			"transformation" : 
			[
				0.99192760037696248,
				0.073558114234636152,
				0.10329007426004778,
				0.0,
				-0.073470672947382326,
				0.9972865090605747,
				-0.0046560780094988576,
				0.0,
				-0.10335228989751877,
				-0.0029702989775406683,
				0.99464037797433236,
				0.0,
				0.11221780058100538,
				0.003348850933590255,
				0.0061039641678045688,
				1.0
			],
			"uncertain" : false,
			"version_major" : 1,
			"version_minor" : 0
		},
		{
			"class_name" : "PoseGraphEdge",
			"confidence" : 1.0,
			"information" : 
			[
				104253.8700191505,
				30.120992232042113,
				2546.8726173049145,
				0.0,
				-81524.336355149746,
				-765.73272239184007,
				30.120992232042113,
				104136.75437800378,
				830.84955038380667,
				81524.336355149746,
				0.0,
				2283.1484600743279,
				2546.8726173049145,
				830.84955038380667,
				3913.105506175566,
				765.73272239184007,
				-2283.1484600743279,
				0.0,
				0.0,
				81524.336355149746,
				765.73272239184007,
				65885.0,
				0.0,
				0.0,
				-81524.336355149746,
				0.0,
				-2283.1484600743279,
				0.0,
				65885.0,
				0.0,
				-765.73272239184007,
				2283.1484600743279,
				0.0,
				0.0,
				0.0,
				65885.0
			],
			"source_node_id" : 3,
			"target_node_id" : 4,
			"transformation" : 
			[
				0.99210482423649282,
				0.074878665860270519,
				0.10060419039813576,
				0.0,
				-0.074656389093102002,
				0.99719140025569253,
				-0.005977861128430002,
				0.0,
				-0.10076924776070217,
				-0.001580080718628531,
				0.99490856969405261,
				0.0,
				0.110360292873052,
				0.0020672440945646488,
				0.0065459376064234418,
				1.0
			],
			"uncertain" : false,
			"version_major" : 1,
			"version_minor" : 0
		},
		{
			"class_name" : "PoseGraphEdge",
			"confidence" : 1.0,
			"information" : 
			[
				105569.05429507187,
				37.82585474961374,
				2239.8763621597413,
				0.0,
				-82900.740164399147,
				-920.52573936316185,
				37.82585474961374,
				105496.78598596595,
				995.64538898739147,
				82900.740164399147,
				0.0,
				2007.7054585133446,
				2239.8763621597413,
				995.64538898739147,
				3994.3113069089777,
				920.52573936316185,
				-2007.7054585133446,
				0.0,
				0.0,
				82900.740164399147,
				920.52573936316185,
				67345.0,
				0.0,
				0.0,
				-82900.740164399147,
				0.0,
				-2007.7054585133446,
				0.0,
				67345.0,
				0.0,
				-920.52573936316185,
				2007.7054585133446,
				0.0,
				0.0,
				0.0,
				67345.0
			],
			"source_node_id" : 4,
			"target_node_id" : 5,
			"transformation" : 
			[
				0.99204651271088728,
				0.078405303657967232,
				0.098469919145239074,
				0.0,
				-0.078007927714905084,
				0.99692155583695441,
				-0.0078850948790740154,
				0.0,
				-0.098785018255776555,
				0.00014094654240548958,
				0.99510878817457837,
				0.0,
				0.10724412906307683,
				-0.00012067711825179124,
				0.006201083603529031,
				1.0
			],
			"uncertain" : false,
			"version_major" : 1,
			"version_minor" : 0
		},
		{
			"class_name" : "PoseGraphEdge",
			"confidence" : 1.0,
			"information" : 
			[
				106609.46085650817,
				46.859124639038015,
				1873.6804913253663,
				0.0,
				-84028.044307351112,
				-1032.7110990525689,
				46.859124639038015,
				106566.96016546537,
				1118.7694497354655,
				84028.044307351112,
				0.0,
				1669.4920446639881,
				1873.6804913253663,
				1118.7694497354655,
				4058.0057824781898,
				1032.7110990525689,
				-1669.4920446639881,
				0.0,
				0.0,
				84028.044307351112,
				1032.7110990525689,
				68564.0,
				0.0,
				0.0,
				-84028.044307351112,
				0.0,
				-1669.4920446639881,
				0.0,
				68564.0,
				0.0,
				-1032.7110990525689,
				1669.4920446639881,
				0.0,
				0.0,
				0.0,
				68564.0
			],
			"source_node_id" : 5,
			"target_node_id" : 6,
			"transformation" : 
			[
				0.99155412675715315,
				0.08002233546321362,
				0.10206291950494095,
				0.0,
				-0.079704106692678259,
				0.99679257230885399,
				-0.0071988308926007267,
				0.0,
				-0.10231162733131227,
				-0.00099680334620291648,
				0.99475189735727954,
				0.0,
				0.11124021970512245,
				0.001164720684063884,
				0.0065054437652218881,
				1.0
			],
			"uncertain" : false,
			"version_major" : 1,
			"version_minor" : 0
		},
		{
			"class_name" : "PoseGraphEdge",
			"confidence" : 1.0,
			"information" : 
			[
				107459.3818527105,
				52.832427469666939,
				1425.7606427737037,
				0.0,
				-84943.688840150833,
				-1095.9224997585407,
				52.832427469666939,
				107446.44551972202,
				1193.2157579515865,
				84943.688840150833,
				0.0,
				1256.6401667874306,
				1425.7606427737037,
				1193.2157579515865,
				4110.6264995478432,
				1095.9224997585407,
				-1256.6401667874306,
				0.0,
				0.0,
				84943.688840150833,
				1095.9224997585407,
				69544.0,
				0.0,
				0.0,
				-84943.688840150833,
				0.0,
				-1256.6401667874306,
				0.0,
				69544.0,
				0.0,
				-1095.9224997585407,
				1256.6401667874306,
				0.0,
				0.0,
				0.0,
				69544.0
			],
			"source_node_id" : 6,
			"target_node_id" : 7,
			"transformation" : 
			[
				0.99123864599313427,
				0.081343123065852563,
				0.10406364888659207,
				0.0,
				-0.081220097856159287,
				0.99668141905267393,
				-0.0054262896517905754,
				0.0,
				-0.10415969659102435,
				-0.0030733117386305712,
				0.99455583672362202,
				0.0,
				0.11319338381919182,
				0.0034356603786976901,
				0.00641989466296223,
				1.0
			],
			"uncertain" : false,
			"version_major" : 1,
			"version_minor" : 0
		},
		{
			"class_name" : "PoseGraphEdge",
			"confidence" : 1.0,
			"information" : 
			[
				107967.8091523113,
				56.257956340527542,
				905.35022649629457,
				0.0,
				-85474.447732150555,
				-1121.2499178253347,
				56.257956340527542,
				107980.31411521658,
				1228.0997821606879,
				85474.447732150555,
				0.0,
				782.70294584694784,
				905.35022649629457,
				1228.0997821606879,
				4144.7701364045961,
				1121.2499178253347,
				-782.70294584694784,
				0.0,
				0.0,
				85474.447732150555,
				1121.2499178253347,
				70090.0,
				0.0,
				0.0,
				-85474.447732150555,
				0.0,
				-782.70294584694784,
				0.0,
				70090.0,
				0.0,
				-1121.2499178253347,
				782.70294584694784,
				0.0,
				0.0,
				0.0,
				70090.0
			],
			"source_node_id" : 7,
			"target_node_id" : 8,
			"transformation" : 
			[
				0.99122582584199226,
				0.081920955075339558,
				0.10373195892974917,
				0.0,
				-0.082054408815200625,
				0.99662337389714439,
				-0.0029874062095698061,
				0.0,
				-0.10362642605941257,
				-0.0055504703780169086,
				0.9946008023829136,
				0.0,
				0.11253817116329634,
				0.0061939857764423808,
				0.0060400807263884162,
				1.0
			],
			"uncertain" : false,
			"version_major" : 1,
			"version_minor" : 0
		},
		{
			"class_name" : "PoseGraphEdge",
			"confidence" : 1.0,
			"information" : 
			[
				108017.13679864811,
				57.191072275994074,
				339.44493607045183,
				0.0,
				-85521.998789787292,
				-1105.0292953195749,
				57.191072275994074,
				108047.90258871338,
				1219.7548224399197,
				85521.998789787292,
				0.0,
				274.37422954943031,
				339.44493607045183,
				1219.7548224399197,
				4154.1570989182746,
				1105.0292953195749,
				-274.37422954943031,
				0.0,
				0.0,
				85521.998789787292,
				1105.0292953195749,
				70120.0,
				0.0,
				0.0,
				-85521.998789787292,
				0.0,
				-274.37422954943031,
				0.0,
				70120.0,
				0.0,
				-1105.0292953195749,
				274.37422954943031,
				0.0,
				0.0,
				0.0,
				70120.0
			],
			"source_node_id" : 8,
			"target_node_id" : 9,
			"transformation" : 
			[
				0.99152013343940371,
				0.082072408275311995,
				0.10075685973766764,
				0.0,
				-0.082487444778288621,
				0.99659210273305399,
				-4.715992367105414e-05,
				0.0,
				-0.1004173612392513,
				-0.008264415889833324,
				0.99491107793196532,
				0.0,
				0.1087099367555542,
				0.0091745035299846522,
				0.0052384009349188045,
				1.0
			],
			"uncertain" : false,
			"version_major" : 1,
			"version_minor" : 0
		},
		{
			"class_name" : "PoseGraphEdge",
			"confidence" : 1.0,
			"information" : 
			[
				107629.36030784179,
				47.685694047894486,
				-249.38284663788104,
				0.0,
				-85088.232816040516,
				-1089.6873446159298,
				47.685694047894486,
				107680.36940741945,
				1214.5695554993763,
				85088.232816040516,
				0.0,
				-248.47156467614695,
				-249.38284663788104,
				1214.5695554993763,
				4140.3443960596096,
				1089.6873446159298,
				248.47156467614695,
				0.0,
				0.0,
				85088.232816040516,
				1089.6873446159298,
				69619.0,
				0.0,
				0.0,
				-85088.232816040516,
				0.0,
				248.47156467614695,
				0.0,
				69619.0,
				0.0,
				-1089.6873446159298,
				-248.47156467614695,
				0.0,
				0.0,
				0.0,
				69619.0
			],
			"source_node_id" : 9,
			"target_node_id" : 10,
			"transformation" : 
			[
				0.99216292535902284,
				0.081681893300604574,
				0.094555792259673657,
				0.0,
				-0.082292660428539374,
				0.99660488926378432,
				0.0025715238891257154,
				0.0,
				-0.09402471793427003,
				-0.010332618368442403,
				0.99551624266760874,
				0.0,
				0.10156914905441362,
				0.011428811563218738,
				0.0043145366848549452,
				1.0
			],
			"uncertain" : false,
			"version_major" : 1,
			"version_minor" : 0
		},
		{
			"class_name" : "PoseGraphEdge",
			"confidence" : 1.0,
			"information" : 
			[
				106334.41250045743,
				30.194850405742255,
				-932.50572058171656,
				0.0,
				-83734.06809091568,
				-1042.2201371475821,
				30.194850405742255,
				106379.1794974892,
				1169.9285480827648,
				83734.06809091568,
				0.0,
				-858.46672198630404,
				-932.50572058171656,
				1169.9285480827648,
				4071.0698637005726,
				1042.2201371475821,
				858.46672198630404,
				0.0,
				0.0,
				83734.06809091568,
				1042.2201371475821,
				68171.0,
				0.0,
				0.0,
				-83734.06809091568,
				0.0,
				858.46672198630404,
				0.0,
				68171.0,
				0.0,
				-1042.2201371475821,
				-858.46672198630404,
				0.0,
				0.0,
				0.0,
				68171.0
			],
			"source_node_id" : 10,
			"target_node_id" : 11,
			"transformation" : 
			[
				0.99278480866160479,
				0.080948212470232137,
				0.088463046457913849,
				0.0,
				-0.081632935823001268,
				0.9966538471415568,
				0.0041440037226025666,
				0.0,
				-0.087831585888327471,
				-0.011335602137043037,
				0.99607083916985162,
				0.0,
				0.094978081696849653,
				0.012558630297397358,
				0.0036173768026186866,
				1.0
			],
			"uncertain" : false,
			"version_major" : 1,
			"version_minor" : 0
		},
		{
			"class_name" : "PoseGraphEdge",
			"confidence" : 1.0,
			"information" : 
			[
				102992.51912507117,
				9.9401198987729948,
				-1897.1114325641272,
				0.0,
				-80512.50081294775,
				-977.78424547077157,
				9.9401198987729948,
				102963.21187521823,
				1091.3439548935667,
				80512.50081294775,
				0.0,
				-1720.1724743313389,
				-1897.1114325641272,
				1091.3439548935667,
				3892.8828497327322,
				977.78424547077157,
				1720.1724743313389,
				0.0,
				0.0,
				80512.50081294775,
				977.78424547077157,
				64966.0,
				0.0,
				0.0,
				-80512.50081294775,
				0.0,
				1720.1724743313389,
				0.0,
				64966.0,
				0.0,
				-977.78424547077157,
				-1720.1724743313389,
				0.0,
				0.0,
				0.0,
				64966.0
			],
			"source_node_id" : 11,
			"target_node_id" : 12,
			"transformation" : 
			[
				0.99290730117319181,
				0.07194859264046688,
				0.094649306886130352,
				0.0,
				-0.072391469263670474,
				0.99737551313594752,
				0.0012493897129187196,
				0.0,
				-0.094311009192011935,
				-0.0080923305582427003,
				0.99550989333673645,
				0.0,
				0.10466420100751429,
				0.0085735029096788741,
				0.0039957703723763121,
				1.0
			],
			"uncertain" : false,
			"version_major" : 1,
			"version_minor" : 0
		},
		{
			"class_name" : "PoseGraphEdge",
			"confidence" : 1.0,
			"information" : 
			[
				103897.22894737776,
				3.0672694451374944,
				-1534.4730041524031,
				0.0,
				-81202.052479624748,
				-629.92643951834179,
				3.0672694451374944,
				103845.89036854134,
				713.30608481500076,
				81202.052479624748,
				0.0,
				-1372.9567893506028,
				-1534.4730041524031,
				713.30608481500076,
				3901.3918238416263,
				629.92643951834179,
				1372.9567893506028,
				0.0,
				0.0,
				81202.052479624748,
				629.92643951834179,
				65476.0,
				0.0,
				0.0,
				-81202.052479624748,
				0.0,
				1372.9567893506028,
				0.0,
				65476.0,
				0.0,
				-629.92643951834179,
				-1372.9567893506028,
				0.0,
				0.0,
				0.0,
				65476.0
			],
			"source_node_id" : 12,
			"target_node_id" : 13,
			"transformation" : 
			[
				0.9919348508304725,
				0.073439648586433731,
				0.10330474201811393,
				0.0,
				-0.07362243609809617,
				0.99728408390542744,
				-0.0020476552187704768,
				0.0,
				-0.1031745540863139,
				-0.0055744061938755654,
				0.99464764483945556,
				0.0,
				0.1122986395140287,
				0.0062919756413766558,
				0.0053034612589965315,
				1.0
			],
			"uncertain" : false,
			"version_major" : 1,
			"version_minor" : 0
		},
		{
			"class_name" : "PoseGraphEdge",
			"confidence" : 1.0,
			"information" : 
			[
				106423.82736879594,
				4.5428260533013045,
				-853.45224963433213,
				0.0,
				-83161.638927519321,
				-353.94776336639188,
				4.5428260533013045,
				106414.49701499197,
				405.26746996947895,
				83161.638927519321,
				0.0,
				-762.68750481959432,
				-853.45224963433213,
				405.26746996947895,
				4023.267426604657,
				353.94776336639188,
				762.68750481959432,
				0.0,
				0.0,
				83161.638927519321,
				353.94776336639188,
				67019.0,
				0.0,
				0.0,
				-83161.638927519321,
				0.0,
				762.68750481959432,
				0.0,
				67019.0,
				0.0,
				-353.94776336639188,
				-762.68750481959432,
				0.0,
				0.0,
				0.0,
				67019.0
			],
			"source_node_id" : 13,
			"target_node_id" : 14,
			"transformation" : 
			[
				0.99212919811355871,
				0.073158904770071878,
				0.10162395831392478,
				0.0,
				-0.073293245774855881,
				0.99730750600595619,
				-0.0024163170249819313,
				0.0,
				-0.10152711152363851,
				-0.0050510510809327223,
				0.99481994979425492,
				0.0,
				0.1103440693163783,
				0.0057245273912162305,
				0.0052563408040524435,
				1.0
			],
			"uncertain" : false,
			"version_major" : 1,
			"version_minor" : 0
		}
	],
	"nodes" : 
	[
		{
			"class_name" : "PoseGraphNode",
			"pose" : 
			[
				1.0,
				0.0,
				0.0,
				0.0,
				0.0,
				1.0,
				0.0,
				0.0,
				0.0,
				0.0,
				1.0,
				0.0,
				0.0,
				0.0,
				0.0,
				1.0
			],
			"version_major" : 1,
			"version_minor" : 0
		},
		{
			"class_name" : "PoseGraphNode",
			"pose" : 
			[
				0.9923854134934027,
				-0.071675653340317114,
				-0.10016881652373702,
				0.0,
				0.071679359395317541,
				0.99742134918045311,
				-0.0035667402094193106,
				0.0,
				0.10016616455772046,
				-0.0036404556422604322,
				0.99496406294926698,
				0.0,
				-0.10822317882417416,
				0.0038199366527804095,
				0.0053255755245833558,
				1.0
			],
			"version_major" : 1,
			"version_minor" : 0
		},
		{
			"class_name" : "PoseGraphNode",
			"pose" : 
			[
				0.9692951943067093,
				-0.14294889990332352,
				-0.20008107934121899,
				0.0,
				0.14306867484335334,
				0.98961462824454172,
				-0.01393706723036228,
				0.0,
				0.19999545137948618,
				-0.015116202593456356,
				0.97968021305254049,
				0.0,
				-0.21620620124895029,
				0.016146907512666973,
				0.021702363814896628,
				1.0
			],
			"version_major" : 1,
			"version_minor" : 0
		},
		{
			"class_name" : "PoseGraphNode",
			"pose" : 
			[
				0.93028931645798574,
				-0.21294031780074169,
				-0.29869417258970915,
				0.0,
				0.21338593963560179,
				0.97645916604958116,
				-0.031526779150227988,
				0.0,
				0.29837598504230062,
				-0.034408110855946236,
				0.95382799993361689,
				0.0,
				-0.3231370962702676,
				0.036982611317195151,
				0.049504613459223856,
				1.0
			],
			"version_major" : 1,
			"version_minor" : 0
		},
		{
			"class_name" : "PoseGraphNode",
			"pose" : 
			[
				0.87694677149463252,
				-0.28069075255087045,
				-0.39009878415289173,
				0.0,
				0.28197398867967233,
				0.95782636377323394,
				-0.055311179421705783,
				0.0,
				0.38917223651387878,
				-0.06149274992525619,
				0.91911022844565116,
				0.0,
				-0.42304760504778366,
				0.066382191785596165,
				0.086653933027950575,
				1.0
			],
			"version_major" : 1,
			"version_minor" : 0
		},
		{
			"class_name" : "PoseGraphNode",
			"pose" : 
			[
				0.80953139347924874,
				-0.347101769542974,
				-0.47347574864155301,
				0.0,
				0.34991807789213819,
				0.93286143791624598,
				-0.085597175263586164,
				0.0,
				0.47139819869810112,
				-0.096384123324175022,
				0.87663780379083434,
				0.0,
				-0.51274604682610025,
				0.10431707979332722,
				0.13198499339173986,
				1.0
			],
			"version_major" : 1,
			"version_minor" : 0
		},
		{
			"class_name" : "PoseGraphNode",
			"pose" : 
			[
				0.72657476929995435,
				-0.40866186306600977,
				-0.55234462638115178,
				0.0,
				0.41310644239461747,
				0.90218953408267877,
				-0.12408509920107919,
				0.0,
				0.54902838894612593,
				-0.13802002125451568,
				0.82432900098451356,
				0.0,
				-0.59762321072320257,
				0.14962379790134875,
				0.18820982950500034,
				1.0
			],
			"version_major" : 1,
			"version_minor" : 0
		},
		{
			"class_name" : "PoseGraphNode",
			"pose" : 
			[
				0.62946981444487216,
				-0.46398123052022383,
				-0.62328899430976248,
				0.0,
				0.46915004070878852,
				0.86637789141578248,
				-0.17113616966872677,
				0.0,
				0.61940777522216894,
				-0.18469100408758518,
				0.76303554373531168,
				0.0,
				-0.67446340190913001,
				0.20035252000944756,
				0.25445137781079952,
				1.0
			],
			"version_major" : 1,
			"version_minor" : 0
		},
		{
			"class_name" : "PoseGraphNode",
			"pose" : 
			[
				0.52126389341005275,
				-0.5118614354093548,
				-0.68284831724744588,
				0.0,
				0.51569466031731193,
				0.82646779361871692,
				-0.22585394269576115,
				0.0,
				0.67995806543286375,
				-0.23441172549956604,
				0.69477202894266943,
				0.0,
				-0.74042669416372309,
				0.2542532058263034,
				0.32850033558312208,
				1.0
			],
			"version_major" : 1,
			"version_minor" : 0
		},
		{
			"class_name" : "PoseGraphNode",
			"pose" : 
			[
				0.40602571565158213,
				-0.55215512830852087,
				-0.72819491381924906,
				0.0,
				0.55109915273258303,
				0.78357885156530338,
				-0.28686914654076701,
				0.0,
				0.72899440470215382,
				-0.2848313495073907,
				0.6224453873640251,
				0.0,
				-0.79344055012659409,
				0.30858106877182412,
				0.40703362210860722,
				1.0
			],
			"version_major" : 1,
			"version_minor" : 0
		},
		{
			"class_name" : "PoseGraphNode",
			"pose" : 
			[
				0.28894875309580542,
				-0.58552944840914734,
				-0.75740602263915369,
				0.0,
				0.57486063828905876,
				0.73876049195163296,
				-0.35180702391691449,
				0.0,
				0.76553501855256312,
				-0.33374870872718193,
				0.55006175543539193,
				0.0,
				-0.83266173193007254,
				0.36104961318750189,
				0.48561018187695576,
				1.0
			],
			"version_major" : 1,
			"version_minor" : 0
		},
		{
			"class_name" : "PoseGraphNode",
			"pose" : 
			[
				0.17269821623008635,
				-0.61229825085697676,
				-0.7715349493758763,
				0.0,
				0.58764915138736296,
				0.69267416679826532,
				-0.41817576869546091,
				0.0,
				0.79047061993767753,
				-0.38117364894207428,
				0.47944014054679152,
				0.0,
				-0.85930377574064087,
				0.4118843364183094,
				0.56240649056647041,
				1.0
			],
			"version_major" : 1,
			"version_minor" : 0
		},
		{
			"class_name" : "PoseGraphNode",
			"pose" : 
			[
				0.054382452411001293,
				-0.62215023291785321,
				-0.78100680954139512,
				0.0,
				0.59213551796503294,
				0.64988683828838512,
				-0.47646891376437639,
				0.0,
				0.80400129181117874,
				-0.43655032367389951,
				0.40373969047663388,
				0.0,
				-0.87328495179843635,
				0.47317374160365522,
				0.64662170079371983,
				1.0
			],
			"version_major" : 1,
			"version_minor" : 0
		},
		{
			"class_name" : "PoseGraphNode",
			"pose" : 
			[
				-0.072603084280130389,
				-0.61993786572510423,
				-0.78128473349555339,
				0.0,
				0.59003932599499931,
				0.60486481451939733,
				-0.53478233884055815,
				0.0,
				0.80410346718091952,
				-0.49981556478026601,
				0.32187266934458225,
				0.0,
				-0.87310876886228894,
				0.5416368783129889,
				0.73601671165557558,
				1.0
			],
			"version_major" : 1,
			"version_minor" : 0
		},
		{
			"class_name" : "PoseGraphNode",
			"pose" : 
			[
				-0.19691583951342037,
				-0.60864613252651523,
				-0.76861826514157439,
				0.0,
				0.57907751883755931,
				0.56040683830590199,
				-0.59212617131563772,
				0.0,
				0.79113423597115196,
				-0.56168858003389899,
				0.24210030923946249,
				0.0,
				-0.85885369010176849,
				0.60854173165593572,
				0.82294625953481526,
				1.0
			],
			"version_major" : 1,
			"version_minor" : 0
		}
	],
	"version_major" : 1,
	"version_minor" : 0
}