{
	"class_name" : "PoseGraph",
	"edges" : 
	[
		{
			"class_name" : "PoseGraphEdge",
			"confidence" : 1.0,
			"information" : 
			[
				10228619.410234235,
				72.36144599472027,
				5766.9857828918084,
				0.0,
				-2769855.6583487988,
				-3359.8389886741061,
				72.36144599472027,
				10228659.405975971,
				8583.7340577866999,
				2769855.6583487988,
				0.0,
				2245.2733110098634,
				5766.9857828918084,
				8583.7340577866999,
				5200983.7350471811,
				3359.8389886741061,
				-2245.2733110098634,
				0.0,
				0.0,
				2769855.6583487988,
				3359.8389886741061,
				1018662.0,
				0.0,
				0.0,
				-2769855.6583487988,
				0.0,
				-2245.2733110098634,
				0.0,
				1018662.0,
				0.0,
				-3359.8389886741061,
				2245.2733110098634,
				0.0,
				0.0,
				0.0,
				1018662.0
			],
			"source_node_id" : 0,
			"target_node_id" : 1,
			"transformation" : 
			[
				0.99891694453764279,
				0.046528797149412042,
				-9.461188372767965e-05,
				0.0,
				-0.046528796715962453,
				0.99891694901539141,
				6.7784761722082184e-06,
				0.0,
				9.4824808576651515e-05,
				-2.3689576016839528e-06,
				0.99999999550132168,
				0.0,
				0.0040538953318067054,
				-0.00053753874938773801,
				-4.0869978044714198e-05,
				1.0
			],
			"uncertain" : false,
			"version_major" : 1,
			"version_minor" : 0
		},
		{
			"class_name" : "PoseGraphEdge",
			"confidence" : 1.0,
			"information" : 
			[
				10243911.828440256,
				77.414832391366872,
				3938.1135684431933,
				0.0,
				-2772787.9989031553,
				-3441.3401774950325,
				77.414832391366872,
				10244250.594854394,
				8455.0077116768807,
				2772787.9989031553,
				0.0,
				2104.3607461303473,
				3938.1135684431933,
				8455.0077116768807,
				5211883.9067022651,
				3441.3401774950325,
				-2104.3607461303473,
				0.0,
				0.0,
				2772787.9989031553,
				3441.3401774950325,
				1019282.0,
				0.0,
				0.0,
				-2772787.9989031553,
				0.0,
				-2104.3607461303473,
				0.0,
				1019282.0,
				0.0,
				-3441.3401774950325,
				2104.3607461303473,
				0.0,
				0.0,
				0.0,
				1019282.0
			],
			"source_node_id" : 1,
			"target_node_id" : 2,
			"transformation" : 
			[
				0.99900622219668622,
				0.044570840183388534,
				-9.0651268361589092e-05,
				0.0,
				-0.044570838661101134,
				0.99900622620165014,
				1.8745233604704446e-05,
				0.0,
				9.1396672317499745e-05,
				-1.4686201951061598e-05,
				0.99999999571548193,
				0.0,
				0.0033056141123395167,
				-0.00048216060293008924,
				-6.3875591839494968e-05,
				1.0
			],
			"uncertain" : false,
			"version_major" : 1,
			"version_minor" : 0
		},
		{
			"class_name" : "PoseGraphEdge",
			"confidence" : 1.0,
			"information" : 
			[
				10263279.116623314,
				-13.914141075626503,
				5911.088003720869,
				0.0,
				-2777025.5902608633,
				-4252.0084322721232,
				-13.914141075626503,
				10264184.511938386,
				10170.340096945962,
				2777025.5902608633,
				0.0,
				3290.9422249365598,
				5911.088003720869,
				10170.340096945962,
				5222059.2365343319,
				4252.0084322721232,
				-3290.9422249365598,
				0.0,
				0.0,
				2777025.5902608633,
				4252.0084322721232,
				1020126.0,
				0.0,
				0.0,
				-2777025.5902608633,
				0.0,
				-3290.9422249365598,
				0.0,
				1020126.0,
				0.0,
				-4252.0084322721232,
				3290.9422249365598,
				0.0,
				0.0,
				0.0,
				1020126.0
			],
			"source_node_id" : 2,
			"target_node_id" : 3,
			"transformation" : 
			[
				0.9990813660317861,
				0.042853342266066324,
				-0.00012290112893034675,
				0.0,
				-0.042853339549032927,
				0.99908137340333947,
				2.465748836741824e-05,
				0.0,
				0.00012384488447298226,
				-1.9368113352021483e-05,
				0.99999999214366075,
				0.0,
				-0.00027522520085016883,
				-0.0010290822891274793,
				2.4859114498388401e-05,
				1.0
			],
			"uncertain" : false,
			"version_major" : 1,
			"version_minor" : 0
		},
		{
			"class_name" : "PoseGraphEdge",
			"confidence" : 1.0,
			"information" : 
			[
				10220083.43643374,
				-113.56077750063014,
				3913.589591078724,
				0.0,
				-2765900.856921196,
				-3510.069915454369,
				-113.56077750063014,
				10220543.141305953,
				7311.8356589114992,
				2765900.856921196,
				0.0,
				2794.2593012712896,
				3913.589591078724,
				7311.8356589114992,
				5190181.0902561666,
				3510.069915454369,
				-2794.2593012712896,
				0.0,
				0.0,
				2765900.856921196,
				3510.069915454369,
				1015237.0,
				0.0,
				0.0,
				-2765900.856921196,
				0.0,
				-2794.2593012712896,
				0.0,
				1015237.0,
				0.0,
				-3510.069915454369,
				2794.2593012712896,
				0.0,
				0.0,
				0.0,
				1015237.0
			],
			"source_node_id" : 3,
			"target_node_id" : 4,
			"transformation" : 
			[
				0.99881871930221344,
				0.048591596335870492,
				-0.00015078799031895167,
				0.0,
				-0.048591592663416568,
				0.99881873047243952,
				2.7925929521878191e-05,
				0.0,
				0.00015196683455549694,
				-2.0565912556252488e-05,
				0.99999998824156233,
				0.0,
				0.0016571837423542458,
				-0.00082857076736358949,
				-1.3024264734365908e-05,
				1.0
			],
			"uncertain" : false,
			"version_major" : 1,
			"version_minor" : 0
		},
		{
			"class_name" : "PoseGraphEdge",
			"confidence" : 1.0,
			"information" : 
			[
				10196057.1015593,
				6.6379236411457896,
				3621.8219150988634,
				0.0,
				-2758005.9926328659,
				-3489.2187015418895,
				6.6379236411457896,
				10196211.499471162,
				6221.9298122803448,
				2758005.9926328659,
				0.0,
				2631.2559778986033,
				3621.8219150988634,
				6221.9298122803448,
				5179329.1428394541,
				3489.2187015418895,
				-2631.2559778986033,
				0.0,
				0.0,
				2758005.9926328659,
				3489.2187015418895,
				1011484.0,
				0.0,
				0.0,
				-2758005.9926328659,
				0.0,
				-2631.2559778986033,
				0.0,
				1011484.0,
				0.0,
				-3489.2187015418895,
				2631.2559778986033,
				0.0,
				0.0,
				0.0,
				1011484.0
			],
			"source_node_id" : 4,
			"target_node_id" : 5,
			"transformation" : 
			[
				0.99872684719394922,
				0.050444657138829369,
				-0.00014580871579069019,
				0.0,
				-0.05044465491147461,
				0.99872685777096115,
				1.8915692258904738e-05,
				0.0,
				0.00014657727616779922,
				-1.1536339341080259e-05,
				0.99999998919100752,
				0.0,
				0.0035463723943087518,
				-0.00076224795028107222,
				-1.2030385801176936e-05,
				1.0
			],
			"uncertain" : false,
			"version_major" : 1,
			"version_minor" : 0
		},
		{
			"class_name" : "PoseGraphEdge",
			"confidence" : 1.0,
			"information" : 
			[
				10162462.833814807,
				-13.049200078700778,
				6816.3157659153912,
				0.0,
				-2750654.084138155,
				-4652.3942182087339,
				-13.049200078700778,
				10162552.274134634,
				9012.5678452839493,
				2750654.084138155,
				0.0,
				3426.6646963905077,
				6816.3157659153912,
				9012.5678452839493,
				5154158.4358288199,
				4652.3942182087339,
				-3426.6646963905077,
				0.0,
				0.0,
				2750654.084138155,
				4652.3942182087339,
				1008804.0,
				0.0,
				0.0,
				-2750654.084138155,
				0.0,
				-3426.6646963905077,
				0.0,
				1008804.0,
				0.0,
				-4652.3942182087339,
				3426.6646963905077,
				0.0,
				0.0,
				0.0,
				1008804.0
			],
			"source_node_id" : 5,
			"target_node_id" : 6,
			"transformation" : 
			[
				0.99847971142586067,
				0.055120254912960624,
				-0.00015287007344725971,
				0.0,
				-0.055120252524223971,
				0.99847972306386179,
				1.9798477329314647e-05,
				0.0,
				0.00015372896571765255,
				-1.1342140878635889e-05,
				0.99999998811938073,
				0.0,
				0.0017597073891017587,
				-0.0021017445985644246,
				6.7687607153011655e-05,
				1.0
			],
			"uncertain" : false,
			"version_major" : 1,
			"version_minor" : 0
		},
		{
			"class_name" : "PoseGraphEdge",
			"confidence" : 1.0,
			"information" : 
			[
				10146276.543487947,
				7.1807315703381391,
				6412.2243495581442,
				0.0,
				-2747390.7734603882,
				-4576.5403625774197,
				7.1807315703381391,
				10146349.979257986,
				8484.2303779477952,
				2747390.7734603882,
				0.0,
				2712.6396741517819,
				6412.2243495581442,
				8484.2303779477952,
				5141387.4551583566,
				4576.5403625774197,
				-2712.6396741517819,
				0.0,
				0.0,
				2747390.7734603882,
				4576.5403625774197,
				1007667.0,
				0.0,
				0.0,
				-2747390.7734603882,
				0.0,
				-2712.6396741517819,
				0.0,
				1007667.0,
				0.0,
				-4576.5403625774197,
				2712.6396741517819,
				0.0,
				0.0,
				0.0,
				1007667.0
			],
			"source_node_id" : 6,
			"target_node_id" : 7,
			"transformation" : 
			[
				0.99834497558794288,
				0.057509010761419385,
				-0.00015296912667013082,
				0.0,
				-0.057509010048117065,
				0.99834498730708388,
				9.0611620035342077e-06,
				0.0,
				0.00015323705928703963,
				-2.4906251649250757e-07,
				0.99999998825917047,
				0.0,
				0.0027086201963312513,
				-0.0022804415437298843,
				6.4567028251421012e-05,
				1.0
			],
			"uncertain" : false,
			"version_major" : 1,
			"version_minor" : 0
		},
		{
			"class_name" : "PoseGraphEdge",
			"confidence" : 1.0,
			"information" : 
			[
				10131132.34322859,
				-16.912386908352346,
				7397.223056678331,
				0.0,
				-2744356.4320430756,
				-3909.5209239788819,
				-16.912386908352346,
				10131181.992943844,
				6579.0010844470889,
				2744356.4320430756,
				0.0,
				2532.2792741879821,
				7397.223056678331,
				6579.0010844470889,
				5128501.8037058236,
				3909.5209239788819,
				-2532.2792741879821,
				0.0,
				0.0,
				2744356.4320430756,
				3909.5209239788819,
				1006594.0,
				0.0,
				0.0,
				-2744356.4320430756,
				0.0,
				-2532.2792741879821,
				0.0,
				1006594.0,
				0.0,
				-3909.5209239788819,
				2532.2792741879821,
				0.0,
				0.0,
				0.0,
				1006594.0
			],
			"source_node_id" : 7,
			"target_node_id" : 8,
			"transformation" : 
			[
				0.99820144721928039,
				0.059948672509985777,
				-0.00016563099117911515,
				0.0,
				-0.059948675040488716,
				0.99820146075516247,
				-1.0351284839779726e-05,
				0.0,
				0.00016471255155640078,
				2.026202597447795e-05,
				0.99999998622961273,
				0.0,
				0.0035261614749572106,
				-0.0013466396407569225,
				0.00010133683068934327,
				1.0
			],
			"uncertain" : false,
			"version_major" : 1,
			"version_minor" : 0
		},
		{
			"class_name" : "PoseGraphEdge",
			"confidence" : 1.0,
			"information" : 
			[
				10145064.331117865,
				-22.740700677847599,
				9287.112819775095,
				0.0,
				-2747684.4134058952,
				-4091.786283378955,
				-22.740700677847599,
				10145109.232368939,
				7346.9559604490642,
				2747684.4134058952,
				0.0,
				2675.6996979764663,
				9287.112819775095,
				7346.9559604490642,
				5139377.4348278381,
				4091.786283378955,
				-2675.6996979764663,
				0.0,
				0.0,
				2747684.4134058952,
				4091.786283378955,
				1008027.0,
				0.0,
				0.0,
				-2747684.4134058952,
				0.0,
				-2675.6996979764663,
				0.0,
				1008027.0,
				0.0,
				-4091.786283378955,
				2675.6996979764663,
				0.0,
				0.0,
				0.0,
				1008027.0
			],
			"source_node_id" : 8,
			"target_node_id" : 9,
			"transformation" : 
			[
				0.99832291787211014,
				0.057890664416540907,
				-0.00015041518504413192,
				0.0,
				-0.05789066754151545,
				0.99832292888588114,
				-1.6501918921333777e-05,
				0.0,
				0.00014920762103166571,
				2.5181879318620242e-05,
				0.99999998855147987,
				0.0,
				0.0030156855499264461,
				-0.0017390361388558238,
				0.00014387588228140821,
				1.0
			],
			"uncertain" : false,
			"version_major" : 1,
			"version_minor" : 0
		},
		{
			"class_name" : "PoseGraphEdge",
			"confidence" : 1.0,
			"information" : 
			[
				10141945.594358686,
				-40.715435218082348,
				9371.4817466642053,
				0.0,
				-2747540.4135191441,
				-3555.6213703127578,
				-40.715435218082348,
				10141920.276781501,
				6361.8711661353009,
				2747540.4135191441,
				0.0,
				2240.7390738124959,
				9371.4817466642053,
				6361.8711661353009,
				5134174.4859459884,
				3555.6213703127578,
				-2240.7390738124959,
				0.0,
				0.0,
				2747540.4135191441,
				3555.6213703127578,
				1008099.0,
				0.0,
				0.0,
				-2747540.4135191441,
				0.0,
				-2240.7390738124959,
				0.0,
				1008099.0,
				0.0,
				-3555.6213703127578,
				2240.7390738124959,
				0.0,
				0.0,
				0.0,
				1008099.0
			],
			"source_node_id" : 9,
			"target_node_id" : 10,
			"transformation" : 
			[
				0.9982643973892783,
				0.05889117942836742,
				-0.00014795457902131776,
				0.0,
				-0.05889118356657156,
				0.99826440782654546,
				-2.3766475817903374e-05,
				0.0,
				0.00014629815442016939,
				3.2438446933085427e-05,
				0.99999998877229845,
				0.0,
				0.0041852965025976395,
				-0.0016297243468429616,
				0.00015192962159514024,
				1.0
			],
			"uncertain" : false,
			"version_major" : 1,
			"version_minor" : 0
		},
		{
			"class_name" : "PoseGraphEdge",
			"confidence" : 1.0,
			"information" : 
			[
				10155907.06293237,
				53.709481189483995,
				8511.2683305292303,
				0.0,
				-2751482.3133581877,
				-3517.7144502331503,
				53.709481189483995,
				10155825.18859065,
				6990.1754670842784,
				2751482.3133581877,
				0.0,
				1596.6297609799076,
				8511.2683305292303,
				6990.1754670842784,
				5141458.3220260432,
				3517.7144502331503,
				-1596.6297609799076,
				0.0,
				0.0,
				2751482.3133581877,
				3517.7144502331503,
				1009836.0,
				0.0,
				0.0,
				-2751482.3133581877,
				0.0,
				-1596.6297609799076,
				0.0,
				1009836.0,
				0.0,
				-3517.7144502331503,
				1596.6297609799076,
				0.0,
				0.0,
				0.0,
				1009836.0
			],
			"source_node_id" : 10,
			"target_node_id" : 11,
			"transformation" : 
			[
				0.99834385016269545,
				0.057528593143274138,
				-0.00013346640528757124,
				0.0,
				-0.057528597744340271,
				0.99834385834105022,
				-3.0891345489908268e-05,
				0.0,
				0.0001314682303673669,
				3.8518319935272786e-05,
				0.9999999906162218,
				0.0,
				0.0054948055682004062,
				-0.0027266257318863132,
				0.00017976615323560589,
				1.0
			],
			"uncertain" : false,
			"version_major" : 1,
			"version_minor" : 0
		},
		{
			"class_name" : "PoseGraphEdge",
			"confidence" : 1.0,
			"information" : 
			[
				10173089.597196296,
				145.82873196646028,
				17647.76180071546,
				0.0,
				-2757429.5475991964,
				-4006.4535722346045,
				145.82873196646028,
				10173573.05492078,
				9242.4034387246356,
				2757429.5475991964,
				0.0,
				4890.9995892823208,
				17647.76180071546,
				9242.4034387246356,
				5148382.1419365797,
				4006.4535722346045,
				-4890.9995892823208,
				0.0,
				0.0,
				2757429.5475991964,
				4006.4535722346045,
				1012783.0,
				0.0,
				0.0,
				-2757429.5475991964,
				0.0,
				-4890.9995892823208,
				0.0,
				1012783.0,
				0.0,
				-4006.4535722346045,
				4890.9995892823208,
				0.0,
				0.0,
				0.0,
				1012783.0
			],
			"source_node_id" : 11,
			"target_node_id" : 12,
			"transformation" : 
			[
				0.99840919256159133,
				0.056383227978424828,
				-0.00012574277629116259,
				0.0,
				-0.056383232068433535,
				0.99840919982125631,
				-2.9219801556216504e-05,
				0.0,
				0.00012389523792753434,
				3.6263102615105799e-05,
				0.99999999166747899,
				0.0,
				0.0007202481254474268,
				-0.0019554367705954456,
				8.7659767703242688e-05,
				1.0
			],
			"uncertain" : false,
			"version_major" : 1,
			"version_minor" : 0
		},
		{
			"class_name" : "PoseGraphEdge",
			"confidence" : 1.0,
			"information" : 
			[
				10210110.856728416,
				-58.54690819814823,
				15723.041364548541,
				0.0,
				-2766437.9858967066,
				-3408.746025150409,
				-58.54690819814823,
				10210677.007882891,
				8093.7310070805252,
				2766437.9858967066,
				0.0,
				4417.5581043697894,
				15723.041364548541,
				8093.7310070805252,
				5176247.5241284557,
				3408.746025150409,
				-4417.5581043697894,
				0.0,
				0.0,
				2766437.9858967066,
				3408.746025150409,
				1016515.0,
				0.0,
				0.0,
				-2766437.9858967066,
				0.0,
				-4417.5581043697894,
				0.0,
				1016515.0,
				0.0,
				-3408.746025150409,
				4417.5581043697894,
				0.0,
				0.0,
				0.0,
				1016515.0
			],
			"source_node_id" : 12,
			"target_node_id" : 13,
			"transformation" : 
			[
				0.99868739910320892,
				0.051219781498159464,
				-0.0001133831930309185,
				0.0,
				-0.051219787239275463,
				0.99868740407605672,
				-4.8321729930862939e-05,
				0.0,
				0.00011075933826523054,
				5.4065765808374558e-05,
				0.999999992404631,
				0.0,
				0.0030537408164796357,
				-0.001077680478442277,
				0.00010068995287542789,
				1.0
			],
			"uncertain" : false,
			"version_major" : 1,
			"version_minor" : 0
		},
		{
			"class_name" : "PoseGraphEdge",
			"confidence" : 1.0,
			"information" : 
			[
				10176486.663387589,
				-75.133422423792581,
				12186.616447748051,
				0.0,
				-2759414.8722715378,
				-3516.2353037591092,
				-75.133422423792581,
				10176682.363856373,
				8937.6034657876153,
				2759414.8722715378,
				0.0,
				3536.1474102786742,
				12186.616447748051,
				8937.6034657876153,
				5153384.0476653418,
				3516.2353037591092,
				-3536.1474102786742,
				0.0,
				0.0,
				2759414.8722715378,
				3516.2353037591092,
				1014672.0,
				0.0,
				0.0,
				-2759414.8722715378,
				0.0,
				-3536.1474102786742,
				0.0,
				1014672.0,
				0.0,
				-3516.2353037591092,
				3536.1474102786742,
				0.0,
				0.0,
				0.0,
				1014672.0
			],
			"source_node_id" : 13,
			"target_node_id" : 14,
			"transformation" : 
			[
				0.99846346303963707,
				0.055413914441026321,
				-0.00010517231669104774,
				0.0,
				-0.055413917646879175,
				0.99846346801341801,
				-2.7814451617546994e-05,
				0.0,
				0.00010346940842019027,
				3.3599723780453649e-05,
				0.9999999940825699,
				0.0,
				0.0033615668757593373,
				-0.0011115404662810453,
				6.9185879383605711e-05,
				1.0
			],
			"uncertain" : false,
			"version_major" : 1,
			"version_minor" : 0
		},
		{
			"class_name" : "PoseGraphEdge",
			"confidence" : 1.0,
			"information" : 
			[
				10208388.981680954,
				-42.476414149729862,
				12073.418409283311,
				0.0,
				-2766189.4251195192,
				-3539.2884680971038,
				-42.476414149729862,
				10208494.143916909,
				9227.7755340332515,
				2766189.4251195192,
				0.0,
				4008.2778873846401,
				12073.418409283311,
				9227.7755340332515,
				5182422.7305002371,
				3539.2884680971038,
				-4008.2778873846401,
				0.0,
				0.0,
				2766189.4251195192,
				3539.2884680971038,
				1017502.0,
				0.0,
				0.0,
				-2766189.4251195192,
				0.0,
				-4008.2778873846401,
				0.0,
				1017502.0,
				0.0,
				-3539.2884680971038,
				4008.2778873846401,
				0.0,
				0.0,
				0.0,
				1017502.0
			],
			"source_node_id" : 14,
			"target_node_id" : 15,
			"transformation" : 
			[
				0.9987504923514493,
				0.04997442315690484,
				-0.00010515642119422686,
				0.0,
				-0.049974426932058787,
				0.99875049713379949,
				-3.3582748211743354e-05,
				0.0,
				0.00010334674947463986,
				3.8795918198401105e-05,
				0.99999999390716376,
				0.0,
				0.0018975990192523159,
				-0.00019062361455004007,
				3.5081003156200668e-05,
				1.0
			],
			"uncertain" : false,
			"version_major" : 1,
			"version_minor" : 0
		},
		{
			"class_name" : "PoseGraphEdge",
			"confidence" : 1.0,
			"information" : 
			[
				10216699.84532064,
				65.503029114388482,
				4656.8810763791726,
				0.0,
				-2767561.4132531881,
				-3101.7887388477102,
				65.503029114388482,
				10216643.073675077,
				7887.995322114366,
				2767561.4132531881,
				0.0,
				1822.9734802735038,
				4656.8810763791726,
				7887.995322114366,
				5190531.9247858217,
				3101.7887388477102,
				-1822.9734802735038,
				0.0,
				0.0,
				2767561.4132531881,
				3101.7887388477102,
				1017924.0,
				0.0,
				0.0,
				-2767561.4132531881,
				0.0,
				-1822.9734802735038,
				0.0,
				1017924.0,
				0.0,
				-3101.7887388477102,
				1822.9734802735038,
				0.0,
				0.0,
				0.0,
				1017924.0
			],
			"source_node_id" : 15,
			"target_node_id" : 16,
			"transformation" : 
			[
				0.99882595573833255,
				0.048442759501991589,
				-9.5891808546258613e-05,
				0.0,
				-0.048442759732372338,
				0.99882596033017967,
				-7.9970295856212461e-08,
				0.0,
				9.5775353777204956e-05,
				4.7251402488983074e-06,
				0.99999999540237738,
				0.0,
				0.0048028580552572035,
				-0.0003994911233473835,
				-3.6452899520390211e-05,
				1.0
			],
			"uncertain" : false,
			"version_major" : 1,
			"version_minor" : 0
		},
		{
			"class_name" : "PoseGraphEdge",
			"confidence" : 1.0,
			"information" : 
			[
				10231571.210618407,
				55.641964222977549,
				4106.1768861648643,
				0.0,
				-2770744.6407632828,
				-3210.2405364748556,
				55.641964222977549,
				10231881.738926698,
				7915.1102942461512,
				2770744.6407632828,
				0.0,
				2128.7971557867713,
				4106.1768861648643,
				7915.1102942461512,
				5200381.8274592077,
				3210.2405364748556,
				-2128.7971557867713,
				0.0,
				0.0,
				2770744.6407632828,
				3210.2405364748556,
				1018771.0,
				0.0,
				0.0,
				-2770744.6407632828,
				0.0,
				-2128.7971557867713,
				0.0,
				1018771.0,
				0.0,
				-3210.2405364748556,
				2128.7971557867713,
				0.0,
				0.0,
				0.0,
				1018771.0
			],
			"source_node_id" : 16,
			"target_node_id" : 17,
			"transformation" : 
			[
				0.99890947695343024,
				0.046688841285320165,
				-9.4615318480779212e-05,
				0.0,
				-0.046688839893149897,
				0.99890948135694635,
				1.6870916252777191e-05,
				0.0,
				9.5299822243321306e-05,
				-1.243503867379832e-05,
				0.9999999953816564,
				0.0,
				0.0031783846074942821,
				-0.00013894191689307938,
				-6.8579519190224703e-05,
				1.0
			],
			"uncertain" : false,
			"version_major" : 1,
			"version_minor" : 0
		},
		{
			"class_name" : "PoseGraphEdge",
			"confidence" : 1.0,
			"information" : 
			[
				10251322.048154142,
				-25.57862982441975,
				6309.3630405853755,
				0.0,
				-2775293.4727827311,
				-4012.8594858574215,
				-25.57862982441975,
				10252214.959096232,
				9652.4580612461432,
				2775293.4727827311,
				0.0,
				3385.9312377879396,
				6309.3630405853755,
				9652.4580612461432,
				5210548.2301713256,
				4012.8594858574215,
				-3385.9312377879396,
				0.0,
				0.0,
				2775293.4727827311,
				4012.8594858574215,
				1019852.0,
				0.0,
				0.0,
				-2775293.4727827311,
				0.0,
				-3385.9312377879396,
				0.0,
				1019852.0,
				0.0,
				-4012.8594858574215,
				3385.9312377879396,
				0.0,
				0.0,
				0.0,
				1019852.0
			],
			"source_node_id" : 17,
			"target_node_id" : 18,
			"transformation" : 
			[
				0.99898853437875934,
				0.044965446981296231,
				-0.00012945095702082622,
				0.0,
				-0.044965443322327055,
				0.99898854244849045,
				3.1039765272210258e-05,
				0.0,
				0.00013071573979245678,
				-2.518754994580509e-05,
				0.99999999113949134,
				0.0,
				-0.0005883364468760846,
				-0.00067228041662392539,
				6.3743337706689701e-06,
				1.0
			],
			"uncertain" : false,
			"version_major" : 1,
			"version_minor" : 0
		},
		{
			"class_name" : "PoseGraphEdge",
			"confidence" : 1.0,
			"information" : 
			[
				10207646.815406172,
				-149.8463480525588,
				7315.4768165522091,
				0.0,
				-2764583.6623872519,
				-3810.2730931944679,
				-149.8463480525588,
				10208174.558736941,
				8379.8352367092157,
				2764583.6623872519,
				0.0,
				3984.9623367029708,
				7315.4768165522091,
				8379.8352367092157,
				5177509.08567918,
				3810.2730931944679,
				-3984.9623367029708,
				0.0,
				0.0,
				2764583.6623872519,
				3810.2730931944679,
				1015360.0,
				0.0,
				0.0,
				-2764583.6623872519,
				0.0,
				-3984.9623367029708,
				0.0,
				1015360.0,
				0.0,
				-3810.2730931944679,
				3984.9623367029708,
				0.0,
				0.0,
				0.0,
				1015360.0
			],
			"source_node_id" : 18,
			"target_node_id" : 19,
			"transformation" : 
			[
				0.99869966703391921,
				0.050979868500620772,
				-0.00016755297178396603,
				0.0,
				-0.05097986367482836,
				0.99869968079196925,
				3.2950181623492316e-05,
				0.0,
				0.00016901489536263006,
				-2.436550775623e-05,
				0.99999998542014346,
				0.0,
				-0.00082073581696504657,
				-0.00062029685285748309,
				2.9975501343482801e-06,
				1.0
			],
			"uncertain" : false,
			"version_major" : 1,
			"version_minor" : 0
		},
		{
			"class_name" : "PoseGraphEdge",
			"confidence" : 1.0,
			"information" : 
			[
				10174832.937829418,
				-103.38416865158433,
				10067.896841433918,
				0.0,
				-2756118.9205700159,
				-4105.6638850155286,
				-103.38416865158433,
				10175117.136810439,
				8541.9068929727655,
				2756118.9205700159,
				0.0,
				4883.9056433476508,
				10067.896841433918,
				8541.9068929727655,
				5157135.4404796269,
				4105.6638850155286,
				-4883.9056433476508,
				0.0,
				0.0,
				2756118.9205700159,
				4105.6638850155286,
				1011962.0,
				0.0,
				0.0,
				-2756118.9205700159,
				0.0,
				-4883.9056433476508,
				0.0,
				1011962.0,
				0.0,
				-4105.6638850155286,
				4883.9056433476508,
				0.0,
				0.0,
				0.0,
				1011962.0
			],
			"source_node_id" : 19,
			"target_node_id" : 20,
			"transformation" : 
			[
				0.99850498869816517,
				0.054660395272162994,
				-0.00016950978388262903,
				0.0,
				-0.054660390674816255,
				0.99850500283683208,
				3.1640054548375815e-05,
				0.0,
				0.00017098582512464251,
				-2.2327281299007194e-05,
				0.99999998513266919,
				0.0,
				-0.0013205535143882045,
				-0.00075647374970279173,
				4.8242087443406719e-05,
				1.0
			],
			"uncertain" : false,
			"version_major" : 1,
			"version_minor" : 0
		},
		{
			"class_name" : "PoseGraphEdge",
			"confidence" : 1.0,
			"information" : 
			[
				10164303.505739471,
				-40.230607796185723,
				8758.899553236728,
				0.0,
				-2752096.959910512,
				-4029.7963547401596,
				-40.230607796185723,
				10164395.042244835,
				7547.4099286426354,
				2752096.959910512,
				0.0,
				4125.0587510082405,
				8758.899553236728,
				7547.4099286426354,
				5154004.3648918699,
				4029.7963547401596,
				-4125.0587510082405,
				0.0,
				0.0,
				2752096.959910512,
				4029.7963547401596,
				1009820.0,
				0.0,
				0.0,
				-2752096.959910512,
				0.0,
				-4125.0587510082405,
				0.0,
				1009820.0,
				0.0,
				-4029.7963547401596,
				4125.0587510082405,
				0.0,
				0.0,
				0.0,
				1009820.0
			],
			"source_node_id" : 20,
			"target_node_id" : 21,
			"transformation" : 
			[
				0.99847729237252825,
				0.05516403523304951,
				-0.00016072719961106208,
				0.0,
				-0.055164030210857085,
				0.99847730495460219,
				3.5517467475673256e-05,
				0.0,
				0.00016244174792777037,
				-2.6597024661988448e-05,
				0.9999999864526381,
				0.0,
				0.00083523446593333772,
				-0.00094276114333286486,
				2.9397377255928743e-05,
				1.0
			],
			"uncertain" : false,
			"version_major" : 1,
			"version_minor" : 0
		},
		{
			"class_name" : "PoseGraphEdge",
			"confidence" : 1.0,
			"information" : 
			[
				10155775.671434706,
				26.941288489851786,
				8583.2042128135527,
				0.0,
				-2749523.6357067823,
				-3849.1522217239253,
				26.941288489851786,
				10155788.327695373,
				6650.7458491803845,
				2749523.6357067823,
				0.0,
				3573.5343763004057,
				8583.2042128135527,
				6650.7458491803845,
				5149508.7690025764,
				3849.1522217239253,
				-3573.5343763004057,
				0.0,
				0.0,
				2749523.6357067823,
				3849.1522217239253,
				1008558.0,
				0.0,
				0.0,
				-2749523.6357067823,
				0.0,
				-3573.5343763004057,
				0.0,
				1008558.0,
				0.0,
				-3849.1522217239253,
				3573.5343763004057,
				0.0,
				0.0,
				0.0,
				1008558.0
			],
			"source_node_id" : 21,
			"target_node_id" : 22,
			"transformation" : 
			[
				0.99843123936968814,
				0.055991377500735545,
				-0.00016092320445517018,
				0.0,
				-0.055991373127243234,
				0.99843125208466976,
				3.1558908196267775e-05,
				0.0,
				0.00016243778325598121,
				-2.2499088638072785e-05,
				0.99999998655387834,
				0.0,
				0.0019767257965638747,
				-0.00079777013670648592,
				-1.4497790422428031e-05,
				1.0
			],
			"uncertain" : false,
			"version_major" : 1,
			"version_minor" : 0
		},
		{
			"class_name" : "PoseGraphEdge",
			"confidence" : 1.0,
			"information" : 
			[
				10127308.521355959,
				7.1407043751041783,
				7787.6777243924034,
				0.0,
				-2743231.9069961309,
				-3132.4914720421657,
				7.1407043751041783,
				10127295.114741182,
				4555.7726716550533,
				2743231.9069961309,
				0.0,
				2696.1680737351999,
				7787.6777243924034,
				4555.7726716550533,
				5125770.2794631897,
				3132.4914720421657,
				-2696.1680737351999,
				0.0,
				0.0,
				2743231.9069961309,
				3132.4914720421657,
				1005994.0,
				0.0,
				0.0,
				-2743231.9069961309,
				0.0,
				-2696.1680737351999,
				0.0,
				1005994.0,
				0.0,
				-3132.4914720421657,
				2696.1680737351999,
				0.0,
				0.0,
				0.0,
				1005994.0
			],
			"source_node_id" : 22,
			"target_node_id" : 23,
			"transformation" : 
			[
				0.99817079146891308,
				0.060456943406656305,
				-0.00017044720062104791,
				0.0,
				-0.060456941929887341,
				0.99817080601559816,
				1.3807887592445062e-05,
				0.0,
				0.00017097020230575572,
				-3.4779135766060998e-06,
				0.99999998537854695,
				0.0,
				0.003753174859014872,
				-0.0001227588399544921,
				1.1238888426599808e-05,
				1.0
			],
			"uncertain" : false,
			"version_major" : 1,
			"version_minor" : 0
		},
		{
			"class_name" : "PoseGraphEdge",
			"confidence" : 1.0,
			"information" : 
			[
				10148534.931993272,
				-37.442701624548135,
				8826.7849939370517,
				0.0,
				-2747259.1150740385,
				-3568.5276284287684,
				-37.442701624548135,
				10148529.941177174,
				5716.5539998191525,
				2747259.1150740385,
				0.0,
				2483.1710353663657,
				8826.7849939370517,
				5716.5539998191525,
				5144161.1084003597,
				3568.5276284287684,
				-2483.1710353663657,
				0.0,
				0.0,
				2747259.1150740385,
				3568.5276284287684,
				1007292.0,
				0.0,
				0.0,
				-2747259.1150740385,
				0.0,
				-2483.1710353663657,
				0.0,
				1007292.0,
				0.0,
				-3568.5276284287684,
				2483.1710353663657,
				0.0,
				0.0,
				0.0,
				1007292.0
			],
			"source_node_id" : 23,
			"target_node_id" : 24,
			"transformation" : 
			[
				0.99837586449639393,
				0.056970245488085866,
				-0.00015594904720298545,
				0.0,
				-0.056970247058207225,
				0.99837587657069693,
				-5.6409144266052797e-06,
				0.0,
				0.00015537440242198466,
				1.4516208564858341e-05,
				0.99999998782403732,
				0.0,
				0.0037555122449588309,
				-0.00076265149300703292,
				9.1630915186182021e-05,
				1.0
			],
			"uncertain" : false,
			"version_major" : 1,
			"version_minor" : 0
		},
		{
			"class_name" : "PoseGraphEdge",
			"confidence" : 1.0,
			"information" : 
			[
				10160372.187351098,
				-112.85072087827064,
				5189.5462075397318,
				0.0,
				-2749102.0603693724,
				-3276.6512634214014,
				-112.85072087827064,
				10160170.557537356,
				5062.2859452349949,
				2749102.0603693724,
				0.0,
				611.66680605197325,
				5189.5462075397318,
				5062.2859452349949,
				5153253.9037764352,
				3276.6512634214014,
				-611.66680605197325,
				0.0,
				0.0,
				2749102.0603693724,
				3276.6512634214014,
				1007560.0,
				0.0,
				0.0,
				-2749102.0603693724,
				0.0,
				-611.66680605197325,
				0.0,
				1007560.0,
				0.0,
				-3276.6512634214014,
				611.66680605197325,
				0.0,
				0.0,
				0.0,
				1007560.0
			],
			"source_node_id" : 24,
			"target_node_id" : 25,
			"transformation" : 
			[
				0.9984744551081145,
				0.055215442330694184,
				-0.00013200295158897029,
				0.0,
				-0.055215445665595442,
				0.99847446341246704,
				-2.1751674096522043e-05,
				0.0,
				0.00013060054794998633,
				2.9007092742373174e-05,
				0.99999999105104254,
				0.0,
				0.0070388149081003527,
				-0.0014852944409746514,
				0.00016506845002417468,
				1.0
			],
			"uncertain" : false,
			"version_major" : 1,
			"version_minor" : 0
		},
		{
			"class_name" : "PoseGraphEdge",
			"confidence" : 1.0,
			"information" : 
			[
				10185629.746061055,
				-18.311131195390772,
				6079.0522536466178,
				0.0,
				-2756147.3653069735,
				-3051.7626746620517,
				-18.311131195390772,
				10185360.904212274,
				5275.1400923702458,
				2756147.3653069735,
				0.0,
				658.14797530625947,
				6079.0522536466178,
				5275.1400923702458,
				5168809.1593992179,
				3051.7626746620517,
				-658.14797530625947,
				0.0,
				0.0,
				2756147.3653069735,
				3051.7626746620517,
				1010768.0,
				0.0,
				0.0,
				-2756147.3653069735,
				0.0,
				-658.14797530625947,
				0.0,
				1010768.0,
				0.0,
				-3051.7626746620517,
				658.14797530625947,
				0.0,
				0.0,
				0.0,
				1010768.0
			],
			"source_node_id" : 25,
			"target_node_id" : 26,
			"transformation" : 
			[
				0.99862897198697187,
				0.052346550996608246,
				-0.00012209423969777774,
				0.0,
				-0.052346554845586632,
				0.99862897884104362,
				-2.8542823126419793e-05,
				0.0,
				0.0001204327275653911,
				3.4894902931012417e-05,
				0.99999999213915169,
				0.0,
				0.0075314359180043327,
				-0.0020292828854001684,
				0.00020598625089817964,
				1.0
			],
			"uncertain" : false,
			"version_major" : 1,
			"version_minor" : 0
		},
		{
			"class_name" : "PoseGraphEdge",
			"confidence" : 1.0,
			"information" : 
			[
				10208993.696476871,
				101.56086359793812,
				17474.330724838976,
				0.0,
				-2764435.0187397003,
				-3694.4907261072658,
				101.56086359793812,
				10209490.974373758,
				8163.0599261173629,
				2764435.0187397003,
				0.0,
				4805.786600343883,
				17474.330724838976,
				8163.0599261173629,
				5179286.5648605563,
				3694.4907261072658,
				-4805.786600343883,
				0.0,
				0.0,
				2764435.0187397003,
				3694.4907261072658,
				1015057.0,
				0.0,
				0.0,
				-2764435.0187397003,
				0.0,
				-4805.786600343883,
				0.0,
				1015057.0,
				0.0,
				-3694.4907261072658,
				4805.786600343883,
				0.0,
				0.0,
				0.0,
				1015057.0
			],
			"source_node_id" : 26,
			"target_node_id" : 27,
			"transformation" : 
			[
				0.99871887472770426,
				0.050602296049778908,
				-0.00012998891911482807,
				0.0,
				-0.05060230226949769,
				0.99871888185766156,
				-4.5011208738943333e-05,
				0.0,
				0.0001275447174420806,
				5.1531282318625161e-05,
				0.99999999053843591,
				0.0,
				0.0012265477069211058,
				-0.001193052497637654,
				0.00011477070018116637,
				1.0
			],
			"uncertain" : false,
			"version_major" : 1,
			"version_minor" : 0
		},
		{
			"class_name" : "PoseGraphEdge",
			"confidence" : 1.0,
			"information" : 
			[
				10220493.331795566,
				-48.678335562897701,
				16817.201357196722,
				0.0,
				-2768696.2332965136,
				-3472.398159414297,
				-48.678335562897701,
				10221135.319841249,
				8229.0199155830778,
				2768696.2332965136,
				0.0,
				4827.3212539227679,
				16817.201357196722,
				8229.0199155830778,
				5184844.5307397116,
				3472.398159414297,
				-4827.3212539227679,
				0.0,
				0.0,
				2768696.2332965136,
				3472.398159414297,
				1017357.0,
				0.0,
				0.0,
				-2768696.2332965136,
				0.0,
				-4827.3212539227679,
				0.0,
				1017357.0,
				0.0,
				-3472.398159414297,
				4827.3212539227679,
				0.0,
				0.0,
				0.0,
				1017357.0
			],
			"source_node_id" : 27,
			"target_node_id" : 28,
			"transformation" : 
			[
				0.99876774769152454,
				0.049628323092146133,
				-0.00012537248683637599,
				0.0,
				-0.049628329691864821,
				0.99876775397645534,
				-5.0088147549101069e-05,
				0.0,
				0.00012273220631835605,
				5.6248453424661073e-05,
				0.9999999908864583,
				0.0,
				0.0024018830351476639,
				-0.00083744500577836805,
				8.2258971233956687e-05,
				1.0
			],
			"uncertain" : false,
			"version_major" : 1,
			"version_minor" : 0
		},
		{
			"class_name" : "PoseGraphEdge",
			"confidence" : 1.0,
			"information" : 
			[
				10191327.984274693,
				-89.92362442276567,
				12814.676601091423,
				0.0,
				-2762574.9822748899,
				-3638.6924318126403,
				-89.92362442276567,
				10191615.283710886,
				9226.543961838528,
				2762574.9822748899,
				0.0,
				3790.7714772059117,
				12814.676601091423,
				9226.543961838528,
				5165689.680367671,
				3638.6924318126403,
				-3790.7714772059117,
				0.0,
				0.0,
				2762574.9822748899,
				3638.6924318126403,
				1015805.0,
				0.0,
				0.0,
				-2762574.9822748899,
				0.0,
				-3790.7714772059117,
				0.0,
				1015805.0,
				0.0,
				-3638.6924318126403,
				3790.7714772059117,
				0.0,
				0.0,
				0.0,
				1015805.0
			],
			"source_node_id" : 28,
			"target_node_id" : 29,
			"transformation" : 
			[
				0.99858882172496122,
				0.053106982052964075,
				-0.00011654690093347555,
				0.0,
				-0.053106986285464876,
				0.99858882773831525,
				-3.3524502861048327e-05,
				0.0,
				0.0001146020480079167,
				3.9666648480416876e-05,
				0.99999999264646355,
				0.0,
				0.0030683375153948925,
				-0.0010651920597206641,
				6.7475604544645992e-05,
				1.0
			],
			"uncertain" : false,
			"version_major" : 1,
			"version_minor" : 0
		},
		{
			"class_name" : "PoseGraphEdge",
			"confidence" : 1.0,
			"information" : 
			[
				10225857.574530376,
				-134.85890576452584,
				11846.540384020613,
				0.0,
				-2769582.1634260416,
				-3442.6442005557474,
				-134.85890576452584,
				10226062.621522667,
				8915.5205246298574,
				2769582.1634260416,
				0.0,
				3946.9937962715048,
				11846.540384020613,
				8915.5205246298574,
				5197716.4713943824,
				3442.6442005557474,
				-3946.9937962715048,
				0.0,
				0.0,
				2769582.1634260416,
				3442.6442005557474,
				1018599.0,
				0.0,
				0.0,
				-2769582.1634260416,
				0.0,
				-3946.9937962715048,
				0.0,
				1018599.0,
				0.0,
				-3442.6442005557474,
				3946.9937962715048,
				0.0,
				0.0,
				0.0,
				1018599.0
			],
			"source_node_id" : 29,
			"target_node_id" : 30,
			"transformation" : 
			[
				0.99888737363474678,
				0.047159340658806073,
				-0.00010668507398329236,
				0.0,
				-0.04715934533357307,
				0.99888737823939255,
				-4.1734175609441801e-05,
				0.0,
				0.00010459821764376638,
				4.6718939311242471e-05,
				0.99999999343827661,
				0.0,
				0.0022062037082267233,
				-2.9659900115733731e-05,
				4.0516905599466066e-05,
				1.0
			],
			"uncertain" : false,
			"version_major" : 1,
			"version_minor" : 0
		},
		{
			"class_name" : "PoseGraphEdge",
			"confidence" : 1.0,
			"information" : 
			[
				10232437.256020416,
				62.988271005441675,
				5099.0452244711014,
				0.0,
				-2770428.3545525074,
				-3364.4529029820114,
				62.988271005441675,
				10232397.842447639,
				8574.2242791412282,
				2770428.3545525074,
				0.0,
				2013.7079214854166,
				5099.0452244711014,
				8574.2242791412282,
				5204596.7767239911,
				3364.4529029820114,
				-2013.7079214854166,
				0.0,
				0.0,
				2770428.3545525074,
				3364.4529029820114,
				1018751.0,
				0.0,
				0.0,
				-2770428.3545525074,
				0.0,
				-2013.7079214854166,
				0.0,
				1018751.0,
				0.0,
				-3364.4529029820114,
				2013.7079214854166,
				0.0,
				0.0,
				0.0,
				1018751.0
			],
			"source_node_id" : 30,
			"target_node_id" : 31,
			"transformation" : 
			[
				0.99894863831384717,
				0.04584330870670178,
				-9.5172120376888175e-05,
				0.0,
				-0.045843309666953741,
				0.99894864277192441,
				-7.9316234571024481e-06,
				0.0,
				9.470844861752933e-05,
				1.2286289438188939e-05,
				0.99999999543967821,
				0.0,
				0.0043908447714302041,
				-0.00071803650751486078,
				-3.4852807983189833e-05,
				1.0
			],
			"uncertain" : false,
			"version_major" : 1,
			"version_minor" : 0
		},
		{
			"class_name" : "PoseGraphEdge",
			"confidence" : 1.0,
			"information" : 
			[
				10244438.443279438,
				78.641549117543036,
				3353.9229740184705,
				0.0,
				-2772805.6524350643,
				-3302.5224678930826,
				78.641549117543036,
				10244693.174320862,
				8084.3309402837549,
				2772805.6524350643,
				0.0,
				1889.8879218734801,
				3353.9229740184705,
				8084.3309402837549,
				5212413.0758361015,
