{
	"class_name" : "PoseGraph",
	"edges" : 
	[
		{
			"class_name" : "PoseGraphEdge",
			"confidence" : 1.0,
			"information" : 
			[
				13.0,
				0.0,
				0.0,
				0.0,
				0.0,
				0.0,
				0.0,
				13.0,
				0.0,
				0.0,
				0.0,
				0.0,
				0.0,
				0.0,
				13.0,
				0.0,
				0.0,
				0.0,
				0.0,
				0.0,
				0.0,
				13.0,
				0.0,
				0.0,
				0.0,
				0.0,
				0.0,
				0.0,
				13.0,
				0.0,
				0.0,
				0.0,
				0.0,
				0.0,
				0.0,
				13.0
			],
			"source_node_id" : 0,
			"target_node_id" : 1,
			"transformation" : 
			[
				1.0,
				0.0,
				0.0,
				0.0,
				0.0,
				1.0,
				0.0,
				0.0,
				0.0,
				0.0,
				1.0,
				0.0,
				0.0,
				0.0,
				0.0,
				1.0
			],
			"uncertain" : false,
			"version_major" : 1,
			"version_minor" : 0
		},
		{
			"class_name" : "PoseGraphEdge",
			"confidence" : 1.0,
			"information" : 
			[
				13.0,
				0.0,
				0.0,
				0.0,
				0.0,
				0.0,
				0.0,
				13.0,
				0.0,
				0.0,
				0.0,
				0.0,
				0.0,
				0.0,
				13.0,
				0.0,
				0.0,
				0.0,
				0.0,
				0.0,
				0.0,
				13.0,
				0.0,
				0.0,
				0.0,
				0.0,
				0.0,
				0.0,
				13.0,
				0.0,
				0.0,
				0.0,
				0.0,
				0.0,
				0.0,
				13.0
			],
			"source_node_id" : 1,
			"target_node_id" : 2,
			"transformation" : 
			[
				0.21586005869882294,
				-0.97642430934638946,
				-5.6355718408200711e-05,
				0.0,
				0.97642430646795519,
				0.21586006288751006,
				-8.3598881068461971e-05,
				0.0,
				9.3792928629068945e-05,
				-3.6981433887636618e-05,
				0.99999999491763003,
				0.0,
				-5.834814181585738e-08,
				-2.9272301658503834e-08,
				-0.00014098837875668345,
				1.0
			],
			"uncertain" : false,
			"version_major" : 1,
			"version_minor" : 0
		},
		{
			"class_name" : "PoseGraphEdge",
			"confidence" : 1.0,
			"information" : 
			[
				13.0,
				0.0,
				0.0,
				0.0,
				0.0,
				0.0,
				0.0,
				13.0,
				0.0,
				0.0,
				0.0,
				0.0,
				0.0,
				0.0,
				13.0,
				0.0,
				0.0,
				0.0,
				0.0,
				0.0,
				0.0,
				13.0,
				0.0,
				0.0,
				0.0,
				0.0,
				0.0,
				0.0,
				13.0,
				0.0,
				0.0,
				0.0,
				0.0,
				0.0,
				0.0,
				13.0
			],
			"source_node_id" : 2,
			"target_node_id" : 3,
			"transformation" : 
			[
				0.48592091469728832,
				0.87400276874863814,
				0.00015773225805549134,
				0.0,
				-0.87400278244714236,
				0.48592090017498252,
				0.00012266942386888213,
				0.0,
				3.0568015281246276e-05,
				-0.00019746607107392665,
				0.99999998003637325,
				0.0,
				3.9697547725718771e-08,
				1.2079373573325801e-07,
				-0.00022054998038957538,
				1.0
			],
			"uncertain" : false,
			"version_major" : 1,
			"version_minor" : 0
		},
		{
			"class_name" : "PoseGraphEdge",
			"confidence" : 1.0,
			"information" : 
			[
				13.0,
				0.0,
				0.0,
				0.0,
				0.0,
				0.0,
				0.0,
				13.0,
				0.0,
				0.0,
				0.0,
				0.0,
				0.0,
				0.0,
				13.0,
				0.0,
				0.0,
				0.0,
				0.0,
				0.0,
				0.0,
				13.0,
				0.0,
				0.0,
				0.0,
				0.0,
				0.0,
				0.0,
				13.0,
				0.0,
				0.0,
				0.0,
				0.0,
				0.0,
				0.0,
				13.0
			],
			"source_node_id" : 3,
			"target_node_id" : 4,
			"transformation" : 
			[
				0.66314235512060604,
				0.74849181812505672,
				0.0014883027054162616,
				0.0,
				-0.74849217108804811,
				0.6631434960359428,
				-0.000416515459658606,
				0.0,
				-0.001298716672906555,
				-0.00083777388035108347,
				0.99999880573425159,
				0.0,
				5.4561385600962111e-07,
				4.1858348800393895e-07,
				3.1064060289663818e-05,
				1.0
			],
			"uncertain" : false,
			"version_major" : 1,
			"version_minor" : 0
		},
		{
			"class_name" : "PoseGraphEdge",
			"confidence" : 1.0,
			"information" : 
			[
				13.0,
				0.0,
				0.0,
				0.0,
				0.0,
				0.0,
				0.0,
				13.0,
				0.0,
				0.0,
				0.0,
				0.0,
				0.0,
				0.0,
				13.0,
				0.0,
				0.0,
				0.0,
				0.0,
				0.0,
				0.0,
				13.0,
				0.0,
				0.0,
				0.0,
				0.0,
				0.0,
				0.0,
				13.0,
				0.0,
				0.0,
				0.0,
				0.0,
				0.0,
				0.0,
				13.0
			],
			"source_node_id" : 4,
			"target_node_id" : 5,
			"transformation" : 
			[
				0.82338057565735578,
				-0.56748958359912383,
				-1.1689928030059185e-05,
				0.0,
				0.56748958318121145,
				0.82338057380437191,
				6.0517752103278443e-05,
				0.0,
				-2.4717934292322534e-05,
				-5.6463053949483191e-05,
				0.99999999810047346,
				0.0,
				-5.8176510586709009e-09,
				1.1319318860183616e-08,
				0.00018454439828692227,
				1.0
			],
			"uncertain" : false,
			"version_major" : 1,
			"version_minor" : 0
		},
		{
			"class_name" : "PoseGraphEdge",
			"confidence" : 1.0,
			"information" : 
			[
				13.0,
				0.0,
				0.0,
				0.0,
				0.0,
				0.0,
				0.0,
				13.0,
				0.0,
				0.0,
				0.0,
				0.0,
				0.0,
				0.0,
				13.0,
				0.0,
				0.0,
				0.0,
				0.0,
				0.0,
				0.0,
				13.0,
				0.0,
				0.0,
				0.0,
				0.0,
				0.0,
				0.0,
				13.0,
				0.0,
				0.0,
				0.0,
				0.0,
				0.0,
				0.0,
				13.0
			],
			"source_node_id" : 5,
			"target_node_id" : 6,
			"transformation" : 
			[
				0.70595650511393226,
				-0.70824651469522515,
				-0.0035053258605467724,
				0.0,
				0.70825464349659584,
				0.7059534582731174,
				0.0022527134162238565,
				0.0,
				0.00087912048797946472,
				-0.0040729810080416132,
				0.99999131894875759,
				0.0,
				-2.4842943881675372e-06,
				-2.0120279135831698e-06,
				2.2816369613853148e-05,
				1.0
			],
			"uncertain" : false,
			"version_major" : 1,
			"version_minor" : 0
		},
		{
			"class_name" : "PoseGraphEdge",
			"confidence" : 1.0,
			"information" : 
			[
				13.0,
				0.0,
				0.0,
				0.0,
				0.0,
				0.0,
				0.0,
				13.0,
				0.0,
				0.0,
				0.0,
				0.0,
				0.0,
				0.0,
				13.0,
				0.0,
				0.0,
				0.0,
				0.0,
				0.0,
				0.0,
				13.0,
				0.0,
				0.0,
				0.0,
				0.0,
				0.0,
				0.0,
				13.0,
				0.0,
				0.0,
				0.0,
				0.0,
				0.0,
				0.0,
				13.0
			],
			"source_node_id" : 6,
			"target_node_id" : 7,
			"transformation" : 
			[
				0.96073157443799206,
				-0.27747944402186714,
				-4.817912322657387e-06,
				0.0,
				0.27747944406267955,
				0.96073157424270261,
				1.938568298070609e-05,
				0.0,
				-7.5040804516055309e-07,
				-1.996130936444326e-05,
				0.99999999980049148,
				0.0,
				7.9739634375885903e-10,
				-5.1315800790622839e-08,
				0.00020115892424105546,
				1.0
			],
			"uncertain" : false,
			"version_major" : 1,
			"version_minor" : 0
		},
		{
			"class_name" : "PoseGraphEdge",
			"confidence" : 1.0,
			"information" : 
			[
				13.000050196295412,
				-5.4101837288947459e-16,
				2.2981729359838819e-10,
				0.0,
				-0.068440433940850198,
				-1.0800245819897469e-07,
				-5.4101837288947459e-16,
				13.000050196295399,
				9.886642482541349e-11,
				0.068440433940850198,
				0.0,
				3.2599865651405935e-07,
				2.2981729359838819e-10,
				9.886642482541349e-11,
				13.000000000000014,
				1.0800245819897469e-07,
				-3.2599865651405935e-07,
				0.0,
				0.0,
				0.068440433940850198,
				1.0800245819897469e-07,
				109.0,
				0.0,
				0.0,
				-0.068440433940850198,
				0.0,
				-3.2599865651405935e-07,
				0.0,
				109.0,
				0.0,
				-1.0800245819897469e-07,
				3.2599865651405935e-07,
				0.0,
				0.0,
				0.0,
				109.0
			],
			"source_node_id" : 7,
			"target_node_id" : 8,
			"transformation" : 
			[
				0.99886503587821052,
				-0.047630241057798742,
				-1.538821432172014e-05,
				0.0,
				0.047630241671236008,
				0.99886503507110969,
				4.2317025060294275e-05,
				0.0,
				1.3355179133676009e-05,
				-4.3001941122142257e-05,
				0.99999999898623615,
				0.0,
				-6.3784926856800734e-09,
				2.8542531861161227e-08,
				-3.7067156553874779e-05,
				1.0
			],
			"uncertain" : false,
			"version_major" : 1,
			"version_minor" : 0
		},
		{
			"class_name" : "PoseGraphEdge",
			"confidence" : 1.0,
			"information" : 
			[
				13.0,
				0.0,
				0.0,
				0.0,
				0.0,
				0.0,
				0.0,
				13.0,
				0.0,
				0.0,
				0.0,
				0.0,
				0.0,
				0.0,
				13.0,
				0.0,
				0.0,
				0.0,
				0.0,
				0.0,
				0.0,
				13.0,
				0.0,
				0.0,
				0.0,
				0.0,
				0.0,
				0.0,
				13.0,
				0.0,
				0.0,
				0.0,
				0.0,
				0.0,
				0.0,
				13.0
			],
			"source_node_id" : 8,
			"target_node_id" : 9,
			"transformation" : 
			[
				0.99999867648369922,
				-0.0016269597691931713,
				-5.7235784606232679e-06,
				0.0,
				0.0016269599912605345,
				0.99999867573881174,
				3.9010380121958433e-05,
				0.0,
				5.6601025620710949e-06,
				-3.9019640524246714e-05,
				0.99999999922271543,
				0.0,
				-4.6539921850194264e-09,
				3.5495513331219465e-08,
				0.00088821130290629019,
				1.0
			],
			"uncertain" : false,
			"version_major" : 1,
			"version_minor" : 0
		},
		{
			"class_name" : "PoseGraphEdge",
			"confidence" : 1.0,
			"information" : 
			[
				13.0,
				0.0,
				0.0,
				0.0,
				0.0,
				0.0,
				0.0,
				13.0,
				0.0,
				0.0,
				0.0,
				0.0,
				0.0,
				0.0,
				13.0,
				0.0,
				0.0,
				0.0,
				0.0,
				0.0,
				0.0,
				13.0,
				0.0,
				0.0,
				0.0,
				0.0,
				0.0,
				0.0,
				13.0,
				0.0,
				0.0,
				0.0,
				0.0,
				0.0,
				0.0,
				13.0
			],
			"source_node_id" : 9,
			"target_node_id" : 10,
			"transformation" : 
			[
				0.97168110065864155,
				-0.23629608162395757,
				-2.0784006758476468e-05,
				0.0,
				0.2362960793415553,
				0.97168109822318405,
				-7.9016431624253622e-05,
				0.0,
				3.8866699689272982e-05,
				7.1867593940736662e-05,
				0.99999999666221429,
				0.0,
				-1.5138827543409479e-08,
				-4.874671106867942e-08,
				-0.0002552702421323588,
				1.0
			],
			"uncertain" : false,
			"version_major" : 1,
			"version_minor" : 0
		},
		{
			"class_name" : "PoseGraphEdge",
			"confidence" : 1.0,
			"information" : 
			[
				13.0,
				0.0,
				0.0,
				0.0,
				0.0,
				0.0,
				0.0,
				13.0,
				0.0,
				0.0,
				0.0,
				0.0,
				0.0,
				0.0,
				13.0,
				0.0,
				0.0,
				0.0,
				0.0,
				0.0,
				0.0,
				13.0,
				0.0,
				0.0,
				0.0,
				0.0,
				0.0,
				0.0,
				13.0,
				0.0,
				0.0,
				0.0,
				0.0,
				0.0,
				0.0,
				13.0
			],
			"source_node_id" : 10,
			"target_node_id" : 11,
			"transformation" : 
			[
				0.99980626426200359,
				-0.019683341750238822,
				3.7439454443307426e-13,
				0.0,
				0.019683332677974681,
				0.9998058034405497,
				0.00096011524573640496,
				0.0,
				-1.8898276875766022e-05,
				-0.00095992923709334115,
				0.99999953908925121,
				0.0,
				-2.1151107391887416e-08,
				4.6527206925410176e-07,
				-4.6731407714886629e-05,
				1.0
			],
			"uncertain" : false,
			"version_major" : 1,
			"version_minor" : 0
		},
		{
			"class_name" : "PoseGraphEdge",
			"confidence" : 1.0,
			"information" : 
			[
				13.0,
				0.0,
				0.0,
				0.0,
				0.0,
				0.0,
				0.0,
				13.0,
				0.0,
				0.0,
				0.0,
				0.0,
				0.0,
				0.0,
				13.0,
				0.0,
				0.0,
				0.0,
				0.0,
				0.0,
				0.0,
				13.0,
				0.0,
				0.0,
				0.0,
				0.0,
				0.0,
				0.0,
				13.0,
				0.0,
				0.0,
				0.0,
				0.0,
				0.0,
				0.0,
				13.0
			],
			"source_node_id" : 11,
			"target_node_id" : 12,
			"transformation" : 
			[
				0.98573285173396397,
				-0.16831739133034804,
				2.8074432405726807e-05,
				0.0,
				0.16831739362655238,
				0.98573284162028607,
				-0.00014125848746205782,
				0.0,
				-3.8976299192894764e-06,
				0.00014396854696767738,
				0.99999998962893288,
				0.0,
				-5.8945780945601198e-09,
				-9.6617616367154725e-08,
				-3.7228364869148712e-05,
				1.0
			],
			"uncertain" : false,
			"version_major" : 1,
			"version_minor" : 0
		},
		{
			"class_name" : "PoseGraphEdge",
			"confidence" : 1.0,
			"information" : 
			[
				13.0,
				0.0,
				0.0,
				0.0,
				0.0,
				0.0,
				0.0,
				13.0,
				0.0,
				0.0,
				0.0,
				0.0,
				0.0,
				0.0,
				13.0,
				0.0,
				0.0,
				0.0,
				0.0,
				0.0,
				0.0,
				13.0,
				0.0,
				0.0,
				0.0,
				0.0,
				0.0,
				0.0,
				13.0,
				0.0,
				0.0,
				0.0,
				0.0,
				0.0,
				0.0,
				13.0
			],
			"source_node_id" : 12,
			"target_node_id" : 13,
			"transformation" : 
			[
				0.99983557370932497,
				-0.018133532694606758,
				2.3180988101605039e-05,
				0.0,
				0.01813353290044728,
				0.9998355739364585,
				-8.7005791135591037e-06,
				0.0,
				-2.3019404307164778e-05,
				9.1195017200140709e-06,
				0.9999999996934712,
				0.0,
				8.3520756272333784e-10,
				-5.108403586998274e-10,
				-0.00058398335094328121,
				1.0
			],
			"uncertain" : false,
			"version_major" : 1,
			"version_minor" : 0
		},
		{
			"class_name" : "PoseGraphEdge",
			"confidence" : 1.0,
			"information" : 
			[
				13.0,
				0.0,
				0.0,
				0.0,
				0.0,
				0.0,
				0.0,
				13.0,
				0.0,
				0.0,
				0.0,
				0.0,
				0.0,
				0.0,
				13.0,
				0.0,
				0.0,
				0.0,
				0.0,
				0.0,
				0.0,
				13.0,
				0.0,
				0.0,
				0.0,
				0.0,
				0.0,
				0.0,
				13.0,
				0.0,
				0.0,
				0.0,
				0.0,
				0.0,
				0.0,
				13.0
			],
			"source_node_id" : 13,
			"target_node_id" : 14,
			"transformation" : 
			[
				0.99852127906215804,
				-0.05436225797462315,
				-1.2960432575294699e-05,
				0.0,
				0.054362257903445406,
				0.9985212791333995,
				-5.7826305655391807e-06,
				0.0,
				1.3255624567781227e-05,
				5.0695212904477283e-06,
				0.99999999989929444,
				0.0,
				-6.0228201797075822e-09,
				1.1208235744776253e-09,
				0.00038017136073858945,
				1.0
			],
			"uncertain" : false,
			"version_major" : 1,
			"version_minor" : 0
		},
		{
			"class_name" : "PoseGraphEdge",
			"confidence" : 1.0,
			"information" : 
			[
				13.0,
				0.0,
				0.0,
				0.0,
				0.0,
				0.0,
				0.0,
				13.0,
				0.0,
				0.0,
				0.0,
				0.0,
				0.0,
				0.0,
				13.0,
				0.0,
				0.0,
				0.0,
				0.0,
				0.0,
				0.0,
				13.0,
				0.0,
				0.0,
				0.0,
				0.0,
				0.0,
				0.0,
				13.0,
				0.0,
				0.0,
				0.0,
				0.0,
				0.0,
				0.0,
				13.0
			],
			"source_node_id" : 14,
			"target_node_id" : 15,
			"transformation" : 
			[
				0.95789940773342841,
				0.28710402734069068,
				-4.6354106078765811e-05,
				0.0,
				-0.28710402930041579,
				0.95789940729210354,
				-4.3230814050343096e-05,
				0.0,
				3.1990829919335034e-05,
				5.4719221804490182e-05,
				0.99999999799119665,
				0.0,
				-2.6199846649136034e-08,
				-3.8328890241218893e-08,
				0.00020413924262469859,
				1.0
			],
			"uncertain" : false,
			"version_major" : 1,
			"version_minor" : 0
		},
		{
			"class_name" : "PoseGraphEdge",
			"confidence" : 1.0,
			"information" : 
			[
				13.0,
				0.0,
				0.0,
				0.0,
				0.0,
				0.0,
				0.0,
				13.0,
				0.0,
				0.0,
				0.0,
				0.0,
				0.0,
				0.0,
				13.0,
				0.0,
				0.0,
				0.0,
				0.0,
				0.0,
				0.0,
				13.0,
				0.0,
				0.0,
				0.0,
				0.0,
				0.0,
				0.0,
				13.0,
				0.0,
				0.0,
				0.0,
				0.0,
				0.0,
				0.0,
				13.0
			],
			"source_node_id" : 15,
			"target_node_id" : 16,
			"transformation" : 
			[
				0.91698279313466857,
				-0.39892674844146692,
				8.0454088982788598e-05,
				0.0,
				0.39892675424258728,
				0.91698279088407697,
				-7.7278220204140256e-05,
				0.0,
				-4.2946665942092024e-05,
				0.00010295808679471668,
				0.99999999377760806,
				0.0,
				8.9621917454618025e-08,
				-7.3972117927416979e-08,
				0.00080749375667729282,
				1.0
			],
			"uncertain" : false,
			"version_major" : 1,
			"version_minor" : 0
		},
		{
			"class_name" : "PoseGraphEdge",
			"confidence" : 1.0,
			"information" : 
			[
				13.0,
				0.0,
				0.0,
				0.0,
				0.0,
				0.0,
				0.0,
				13.0,
				0.0,
				0.0,
				0.0,
				0.0,
				0.0,
				0.0,
				13.0,
				0.0,
				0.0,
				0.0,
				0.0,
				0.0,
				0.0,
				13.0,
				0.0,
				0.0,
				0.0,
				0.0,
				0.0,
				0.0,
				13.0,
				0.0,
				0.0,
				0.0,
				0.0,
				0.0,
				0.0,
				13.0
			],
			"source_node_id" : 16,
			"target_node_id" : 17,
			"transformation" : 
			[
				0.74702258714535674,
				0.66479864773566888,
				-0.00011074061419954042,
				0.0,
				-0.66479865587059872,
				0.74702258509045116,
				-6.7211791285360604e-05,
				0.0,
				3.8043431935445251e-05,
				0.00012382893768280286,
				0.99999999160954567,
				0.0,
				-7.2603106497426748e-08,
				-5.0673516556402661e-08,
				2.2181066326821825e-05,
				1.0
			],
			"uncertain" : false,
			"version_major" : 1,
			"version_minor" : 0
		},
		{
			"class_name" : "PoseGraphEdge",
			"confidence" : 1.0,
			"information" : 
			[
				13.0,
				0.0,
				0.0,
				0.0,
				0.0,
				0.0,
				0.0,
				13.0,
				0.0,
				0.0,
				0.0,
				0.0,
				0.0,
				0.0,
				13.0,
				0.0,
				0.0,
				0.0,
				0.0,
				0.0,
				0.0,
				13.0,
				0.0,
				0.0,
				0.0,
				0.0,
				0.0,
				0.0,
				13.0,
				0.0,
				0.0,
				0.0,
				0.0,
				0.0,
				0.0,
				13.0
			],
			"source_node_id" : 17,
			"target_node_id" : 18,
			"transformation" : 
			[
				0.51057917585787183,
				0.85983074083713473,
				4.7872336318061011e-05,
				0.0,
				-0.85983064682360844,
				0.51057914466858478,
				-0.00044250693942458322,
				0.0,
				-0.00040492368608157481,
				0.00018477272654147725,
				0.99999990094791902,
				0.0,
				-6.8860404269292267e-08,
				-3.392981188598533e-07,
				8.5525728824641472e-05,
				1.0
			],
			"uncertain" : false,
			"version_major" : 1,
			"version_minor" : 0
		},
		{
			"class_name" : "PoseGraphEdge",
			"confidence" : 1.0,
			"information" : 
			[
				13.0,
				0.0,
				0.0,
				0.0,
				0.0,
				0.0,
				0.0,
				13.0,
				0.0,
				0.0,
				0.0,
				0.0,
				0.0,
				0.0,
				13.0,
				0.0,
				0.0,
				0.0,
				0.0,
				0.0,
				0.0,
				13.0,
				0.0,
				0.0,
				0.0,
				0.0,
				0.0,
				0.0,
				13.0,
				0.0,
				0.0,
				0.0,
				0.0,
				0.0,
				0.0,
				13.0
			],
			"source_node_id" : 18,
			"target_node_id" : 19,
			"transformation" : 
			[
				0.76105988805312375,
				0.64868162130728346,
				-3.1220514669918123e-05,
				0.0,
				-0.64868160014657672,
				0.76105987397333752,
				0.00022329121020548147,
				0.0,
				0.00016860558521982779,
				-0.00014968581002874811,
				0.99999997458315693,
				0.0,
				-9.549217364860302e-09,
				8.0322152051073326e-08,
				2.0712004347384829e-05,
				1.0
			],
			"uncertain" : false,
			"version_major" : 1,
			"version_minor" : 0
		},
		{
			"class_name" : "PoseGraphEdge",
			"confidence" : 1.0,
			"information" : 
			[
				13.0,
				0.0,
				0.0,
				0.0,
				0.0,
				0.0,
				0.0,
				13.0,
				0.0,
				0.0,
				0.0,
				0.0,
				0.0,
				0.0,
				13.0,
				0.0,
				0.0,
				0.0,
				0.0,
				0.0,
				0.0,
				13.0,
				0.0,
				0.0,
				0.0,
				0.0,
				0.0,
				0.0,
				13.0,
				0.0,
				0.0,
				0.0,
				0.0,
				0.0,
				0.0,
				13.0
			],
			"source_node_id" : 19,
			"target_node_id" : 20,
			"transformation" : 
			[
				-0.61862196654672563,
				0.78563385581658307,
				-0.0092901614964810472,
				0.0,
				-0.78559409268217406,
				-0.61868773918586373,
				-0.0082099283770672195,
				0.0,
				-0.01219770669978272,
				0.0022194539538698071,
				0.99992314203413302,
				0.0,
				-5.9832125505849332e-07,
				-3.1241222597778005e-06,
				-0.00011935984341090295,
				1.0
			],
			"uncertain" : false,
			"version_major" : 1,
			"version_minor" : 0
		},
		{
			"class_name" : "PoseGraphEdge",
			"confidence" : 1.0,
			"information" : 
			[
				13.00009901550054,
				-5.2457550199253899e-15,
				1.327619489652197e-09,
				0.0,
				-0.15222495831403648,
				-3.2020054249737306e-07,
				-5.2457550199253899e-15,
				13.000099015500547,
				3.9095039486578274e-10,
				0.15222495831403648,
				0.0,
				1.9096242246940953e-06,
				1.327619489652197e-09,
				3.9095039486578274e-10,
				13.000000000000032,
				3.2020054249737306e-07,
				-1.9096242246940953e-06,
				0.0,
				0.0,
				0.15222495831403648,
				3.2020054249737306e-07,
				298.0,
				0.0,
				0.0,
				-0.15222495831403648,
				0.0,
				-1.9096242246940953e-06,
				0.0,
				298.0,
				0.0,
				-3.2020054249737306e-07,
				1.9096242246940953e-06,
				0.0,
				0.0,
				0.0,
				298.0
			],
			"source_node_id" : 20,
			"target_node_id" : 21,
			"transformation" : 
			[
				0.9923043701839116,
				0.12382260258027769,
				-2.0388457666240609e-06,
				0.0,
				-0.12382260258754507,
				0.99230437017727779,
				-3.939908662328778e-06,
				0.0,
				1.5353058198403674e-06,
				4.1620437728522846e-06,
				0.99999999999015987,
				0.0,
				-2.5642747800698339e-10,
				1.7452055352293804e-09,
				7.6881754764645556e-05,
				1.0
			],
			"uncertain" : false,
			"version_major" : 1,
			"version_minor" : 0
		},
		{
			"class_name" : "PoseGraphEdge",
			"confidence" : 1.0,
			"information" : 
			[
				13.0,
				0.0,
				0.0,
				0.0,
				0.0,
				0.0,
				0.0,
				13.0,
				0.0,
				0.0,
				0.0,
				0.0,
				0.0,
				0.0,
				13.0,
				0.0,
				0.0,
				0.0,
				0.0,
				0.0,
				0.0,
				13.0,
				0.0,
				0.0,
				0.0,
				0.0,
				0.0,
				0.0,
				13.0,
				0.0,
				0.0,
				0.0,
				0.0,
				0.0,
				0.0,
				13.0
			],
			"source_node_id" : 21,
			"target_node_id" : 22,
			"transformation" : 
			[
				0.65014211681070111,
				-0.75981262311876852,
				-7.5486934578073583e-05,
				0.0,
				0.75981259812606416,
				0.65014211633514574,
				-0.00021046657060887696,
				0.0,
				0.00020899239249538376,
				7.9477257847205797e-05,
				0.99999997500277227,
				0.0,
				3.8688935390870949e-08,
				-8.8208956944729058e-08,
				0.00014835261311456474,
				1.0
			],
			"uncertain" : false,
			"version_major" : 1,
			"version_minor" : 0
		},
		{
			"class_name" : "PoseGraphEdge",
			"confidence" : 1.0,
			"information" : 
			[
				13.0,
				0.0,
				0.0,
				0.0,
				0.0,
				0.0,
				0.0,
				13.0,
				0.0,
				0.0,
				0.0,
				0.0,
				0.0,
				0.0,
				13.0,
				0.0,
				0.0,
				0.0,
				0.0,
				0.0,
				0.0,
				13.0,
				0.0,
				0.0,
				0.0,
				0.0,
				0.0,
				0.0,
				13.0,
				0.0,
				0.0,
				0.0,
				0.0,
				0.0,
				0.0,
				13.0
			],
			"source_node_id" : 22,
			"target_node_id" : 23,
			"transformation" : 
			[
				0.99284339284929368,
				-0.11942360407787188,
				8.034625936740656e-06,
				0.0,
				0.11942359976051178,
				0.9928433711107143,
				0.00021038477484090076,
				0.0,
				-3.3102033155259126e-05,
				-0.00020791960970477984,
				0.99999997783684558,
				0.0,
				1.6511552639723286e-08,
				1.3788351181122531e-07,
				-0.00024577559490792706,
				1.0
			],
			"uncertain" : false,
			"version_major" : 1,
			"version_minor" : 0
		},
		{
			"class_name" : "PoseGraphEdge",
			"confidence" : 1.0,
			"information" : 
			[
				13.0,
				0.0,
				0.0,
				0.0,
				0.0,
				0.0,
				0.0,
				13.0,
				0.0,
				0.0,
				0.0,
				0.0,
				0.0,
				0.0,
				13.0,
				0.0,
				0.0,
				0.0,
				0.0,
				0.0,
				0.0,
				13.0,
				0.0,
				0.0,
				0.0,
				0.0,
				0.0,
				0.0,
				13.0,
				0.0,
				0.0,
				0.0,
				0.0,
				0.0,
				0.0,
				13.0
			],
			"source_node_id" : 23,
			"target_node_id" : 24,
			"transformation" : 
			[
				0.99229768651560568,
				0.12387605342923499,
				-0.00015723413837717963,
				0.0,
				-0.12387615315661124,
				0.99229684714869459,
				-0.0012906656731673535,
				0.0,
				-3.8596301127417174e-06,
				0.0013002021217561311,
				0.9999991547294157,
				0.0,
				-4.5848336091282751e-08,
				-5.5219034777575217e-07,
				-0.006171055853788643,
				1.0
			],
			"uncertain" : false,
			"version_major" : 1,
			"version_minor" : 0
		},
		{
			"class_name" : "PoseGraphEdge",
			"confidence" : 1.0,
			"information" : 
			[
				13.0,
				0.0,
				0.0,
				0.0,
				0.0,
				0.0,
				0.0,
				13.0,
				0.0,
				0.0,
				0.0,
				0.0,
				0.0,
				0.0,
				13.0,
				0.0,
				0.0,
				0.0,
				0.0,
				0.0,
				0.0,
				13.0,
				0.0,
				0.0,
				0.0,
				0.0,
				0.0,
				0.0,
				13.0,
				0.0,
				0.0,
				0.0,
				0.0,
				0.0,
				0.0,
				13.0
			],
			"source_node_id" : 24,
			"target_node_id" : 25,
			"transformation" : 
			[
				0.99918202925190458,
				-0.040438501486220156,
				-4.1946686579440851e-06,
				0.0,
				0.040438501273594468,
				0.99918202837742109,
				-4.2217626275446615e-05,
				0.0,
				5.8984550809000988e-06,
				4.2013467378232693e-05,
				0.99999999910003834,
				0.0,
				-4.0699733655528641e-09,
				-2.1151436363344109e-08,
				0.00044755975048818417,
				1.0
			],
			"uncertain" : false,
			"version_major" : 1,
			"version_minor" : 0
		},
		{
			"class_name" : "PoseGraphEdge",
			"confidence" : 1.0,
			"information" : 
			[
				13.0,
				0.0,
				0.0,
				0.0,
				0.0,
				0.0,
				0.0,
				13.0,
				0.0,
				0.0,
				0.0,
				0.0,
				0.0,
				0.0,
				13.0,
				0.0,
				0.0,
				0.0,
				0.0,
				0.0,
				0.0,
				13.0,
				0.0,
				0.0,
				0.0,
				0.0,
				0.0,
				0.0,
				13.0,
				0.0,
				0.0,
				0.0,
				0.0,
				0.0,
				0.0,
				13.0
			],
			"source_node_id" : 25,
			"target_node_id" : 26,
			"transformation" : 
			[
				0.9905775189452839,
				0.1369531998264851,
				-4.1823861255460384e-06,
				0.0,
				-0.13695319912340406,
				0.99057751616802825,
				7.5579394487114567e-05,
				0.0,
				1.4493817575857565e-05,
				-7.4294457914569954e-05,
				0.99999999713513144,
				0.0,
				-1.4188002909263556e-08,
				4.6998165927616325e-08,
				-6.9618201828819198e-05,
				1.0
			],
			"uncertain" : false,
			"version_major" : 1,
			"version_minor" : 0
		},
		{
			"class_name" : "PoseGraphEdge",
			"confidence" : 1.0,
			"information" : 
			[
				13.000139256904415,
				3.4368404849122029e-15,
				-2.3329607696450126e-09,
				0.0,
				-0.21933479503059061,
				-8.0193855417354243e-08,
				3.4368404849122029e-15,
				13.000139256904417,
				1.0316977459140852e-10,
				0.21933479503059061,
				0.0,
				-3.4534115392892417e-06,
				-2.3329607696450126e-09,
				1.0316977459140852e-10,
				13.000000000000068,
				8.0193855417354243e-08,
				3.4534115392892417e-06,
				0.0,
				0.0,
				0.21933479503059061,
				8.0193855417354243e-08,
				402.0,
				0.0,
				0.0,
				-0.21933479503059061,
				0.0,
				3.4534115392892417e-06,
				0.0,
				402.0,
				0.0,
				-8.0193855417354243e-08,
				-3.4534115392892417e-06,
				0.0,
				0.0,
				0.0,
				402.0
			],
			"source_node_id" : 26,
			"target_node_id" : 27,
			"transformation" : 
			[
				0.99978415678298993,
				0.020775942776933117,
				-6.8888097783558154e-06,
				0.0,
				-0.020775942779544393,
				0.99978415680662103,
				-3.0770615974068593e-07,
				0.0,
				6.8809299900877918e-06,
				4.5076126122756066e-07,
				0.9999999999762248,
				0.0,
				-9.7308584843880735e-10,
				-3.5488664501715846e-10,
				-6.3600750390983194e-06,
				1.0
			],
			"uncertain" : false,
			"version_major" : 1,
			"version_minor" : 0
		},
		{
			"class_name" : "PoseGraphEdge",
			"confidence" : 1.0,
			"information" : 
			[
				13.0,
				0.0,
				0.0,
				0.0,
				0.0,
				0.0,
				0.0,
				13.0,
				0.0,
				0.0,
				0.0,
				0.0,
				0.0,
				0.0,
				13.0,
				0.0,
				0.0,
				0.0,
				0.0,
				0.0,
				0.0,
				13.0,
				0.0,
				0.0,
				0.0,
				0.0,
				0.0,
				0.0,
				13.0,
				0.0,
				0.0,
				0.0,
				0.0,
				0.0,
				0.0,
				13.0
			],
			"source_node_id" : 27,
			"target_node_id" : 28,
			"transformation" : 
			[
				-0.22717568368397201,
				0.97385368170518205,
				0.00046408186992815586,
				0.0,
				-0.97385357532457972,
				-0.22717592537306483,
				0.00055924808889726426,
				0.0,
				0.00065005403860897871,
				-0.0003249002213286603,
				0.99999973593476166,
				0.0,
				-1.6351571222164168e-10,
				4.5833201674527095e-07,
				7.0455277748404627e-05,
				1.0
			],
			"uncertain" : false,
			"version_major" : 1,
			"version_minor" : 0
		},
		{
			"class_name" : "PoseGraphEdge",
			"confidence" : 1.0,
			"information" : 
			[
				13.000181512739555,
				5.7786581493312071e-15,
				-4.3418219397204615e-09,
				0.0,
				-0.29891027822668548,
				-4.5046696608985748e-08,
				5.7786581493312071e-15,
				13.000181512739623,
				4.8853327933923132e-11,
				0.29891027822668548,
				0.0,
				-6.5892896993213768e-06,
				-4.3418219397204615e-09,
				4.8853327933923132e-11,
				13.000000000000149,
				4.5046696608985748e-08,
				6.5892896993213768e-06,
				0.0,
				0.0,
				0.29891027822668548,
				4.5046696608985748e-08,
				571.0,
				0.0,
				0.0,
				-0.29891027822668548,
				0.0,
				6.5892896993213768e-06,
				0.0,
				571.0,
				0.0,
				-4.5046696608985748e-08,
				-6.5892896993213768e-06,
				0.0,
				0.0,
				0.0,
				571.0
			],
			"source_node_id" : 28,
			"target_node_id" : 29,
			"transformation" : 
			[
				0.99872150006524263,
				0.05055062076137723,
				-6.9332733561219868e-06,
				0.0,
				-0.050550620764388147,
				0.99872150008912319,
				-2.5960616421569317e-07,
				0.0,
				6.9112859139995135e-06,
				6.0975552983284039e-07,
				0.99999999997593181,
				0.0,
				-2.6637821049901419e-09,
				-1.1414496662210678e-09,
				-3.1035803387913084e-05,
				1.0
			],
			"uncertain" : false,
			"version_major" : 1,
			"version_minor" : 0
		},
		{
			"class_name" : "PoseGraphEdge",
			"confidence" : 1.0,
			"information" : 
			[
				13.0,
				0.0,
				0.0,
				0.0,
				0.0,
				0.0,
				0.0,
				13.0,
				0.0,
				0.0,
				0.0,
				0.0,
				0.0,
				0.0,
				13.0,
				0.0,
				0.0,
				0.0,
				0.0,
				0.0,
				0.0,
				13.0,
				0.0,
				0.0,
				0.0,
				0.0,
				0.0,
				0.0,
				13.0,
				0.0,
				0.0,
				0.0,
				0.0,
				0.0,
				0.0,
				13.0
			],
			"source_node_id" : 29,
			"target_node_id" : 30,
			"transformation" : 
			[
				0.87668483108240569,
				0.48106517726302972,
				4.6635867504717912e-05,
				0.0,
				-0.48106517498178158,
				0.87668483200720626,
				-5.2423702399288394e-05,
				0.0,
				-6.6104175356381979e-05,
				2.352417292105014e-05,
				0.99999999753842594,
				0.0,
				3.3534180115744967e-08,
				2.1181844080565443e-09,
				-0.00030805333489449465,
				1.0
			],
			"uncertain" : false,
			"version_major" : 1,
			"version_minor" : 0
		},
		{
			"class_name" : "PoseGraphEdge",
			"confidence" : 1.0,
			"information" : 
			[
				13.0,
				0.0,
				0.0,
				0.0,
				0.0,
				0.0,
				0.0,
				13.0,
				0.0,
				0.0,
				0.0,
				0.0,
				0.0,
				0.0,
				13.0,
				0.0,
				0.0,
				0.0,
				0.0,
				0.0,
				0.0,
				13.0,
				0.0,
				0.0,
				0.0,
				0.0,
				0.0,
				0.0,
				13.0,
				0.0,
				0.0,
				0.0,
				0.0,
				0.0,
				0.0,
				13.0
			],
			"source_node_id" : 30,
			"target_node_id" : 31,
			"transformation" : 
			[
				-0.89734395853980464,
				0.44132857519205637,
				0.0017055178281374327,
				0.0,
				-0.44131249927069066,
				-0.89733407863335202,
				0.0059016362721988408,
				0.0,
				0.0041349799962157327,
				0.0045431313190709552,
				0.99998113077110051,
				0.0,
				8.5293354015894407e-07,
				6.7072151997444036e-06,
				0.00031942823156276144,
				1.0
			],
			"uncertain" : false,
			"version_major" : 1,
			"version_minor" : 0
		},
		{
			"class_name" : "PoseGraphEdge",
			"confidence" : 1.0,
			"information" : 
			[
				13.0,
				0.0,
				0.0,
				0.0,
				0.0,
				0.0,
				0.0,
				13.0,
				0.0,
				0.0,
				0.0,
				0.0,
				0.0,
				0.0,
				13.0,
				0.0,
				0.0,
				0.0,
				0.0,
				0.0,
				0.0,
				13.0,
				0.0,
				0.0,
				0.0,
				0.0,
				0.0,
				0.0,
				13.0,
				0.0,
				0.0,
				0.0,
				0.0,
				0.0,
				0.0,
				13.0
			],
			"source_node_id" : 31,
			"target_node_id" : 32,
			"transformation" : 
			[
				0.99295754522024338,
				-0.11847044295582135,
				0.00025987697055149955,
				0.0,
				0.11847059460304653,
				0.99295074656021665,
				-0.0036787389020214679,
				0.0,
				0.00017777679531837633,
				0.0036836193288823245,
				0.99999319964890299,
				0.0,
				1.1255680857659831e-07,
				-2.3360028697147021e-06,
				0.00012608956316905338,
				1.0
			],
			"uncertain" : false,
			"version_major" : 1,
			"version_minor" : 0
		},
		{
			"class_name" : "PoseGraphEdge",
			"confidence" : 1.0,
			"information" : 
			[
				13.0,
				0.0,
				0.0,
				0.0,
				0.0,
				0.0,
				0.0,
				13.0,
				0.0,
				0.0,
				0.0,
				0.0,
				0.0,
				0.0,
				13.0,
				0.0,
				0.0,
				0.0,
				0.0,
				0.0,
				0.0,
				13.0,
				0.0,
				0.0,
				0.0,
				0.0,
				0.0,
				0.0,
				13.0,
				0.0,
				0.0,
				0.0,
				0.0,
				0.0,
				0.0,
				13.0
			],
			"source_node_id" : 32,
			"target_node_id" : 33,
			"transformation" : 
			[
				-0.85673145538376727,
				0.5157222241915006,
				-0.0064653562147679467,
				0.0,
				-0.51575026531700219,
				-0.85673062185319149,
				0.0037822486018961369,
				0.0,
				-0.0035884789889654677,
				0.0065748805324611914,
				0.99997194648876486,
				0.0,
				-1.503927788178975e-06,
				-1.3629073513804713e-07,
				-0.00022157744539478026,
				1.0
			],
			"uncertain" : false,
			"version_major" : 1,
			"version_minor" : 0
		},
		{
			"class_name" : "PoseGraphEdge",
			"confidence" : 1.0,
			"information" : 
			[
				13.000184517625975,
				-1.2166880874427985e-14,
				4.070616563687068e-09,
				0.0,
				-0.2992894513590727,
				-2.7218142728546724e-07,
				-1.2166880874427985e-14,
				13.000184517626016,
				4.1374083310195722e-10,
				0.2992894513590727,
				0.0,
				6.3223710101700803e-06,
				4.070616563687068e-09,
				4.1374083310195722e-10,
				13.000000000000126,
				2.7218142728546724e-07,
				-6.3223710101700803e-06,
				0.0,
				0.0,
				0.2992894513590727,
				2.7218142728546724e-07,
				539.0,
				0.0,
				0.0,
				-0.2992894513590727,
				0.0,
				-6.3223710101700803e-06,
				0.0,
				539.0,
				0.0,
				-2.7218142728546724e-07,
				6.3223710101700803e-06,
				0.0,
				0.0,
				0.0,
				539.0
			],
			"source_node_id" : 33,
			"target_node_id" : 34,
			"transformation" : 
			[
				0.99996637022283807,
				-0.0082011198452653228,
				-7.5263262381877058e-06,
				0.0,
				0.0082011200681689541,
				0.99996636979692666,
				3.007962480855957e-05,
				0.0,
				7.2793865183523019e-06,
				-3.014033754263173e-05,
				0.99999999951928542,
				0.0,
				-2.6390509606195298e-09,
				1.852668249504062e-08,
				2.0877673650279866e-05,
				1.0
			],
			"uncertain" : false,
			"version_major" : 1,
			"version_minor" : 0
		},
		{
			"class_name" : "PoseGraphEdge",
			"confidence" : 1.0,
			"information" : 
			[
				13.0,
				0.0,
				0.0,
				0.0,
				0.0,
				0.0,
				0.0,
				13.0,
				0.0,
				0.0,
				0.0,
				0.0,
				0.0,
				0.0,
				13.0,
				0.0,
				0.0,
				0.0,
				0.0,
				0.0,
				0.0,
				13.0,
				0.0,
				0.0,
				0.0,
				0.0,
				0.0,
				0.0,
				13.0,
				0.0,
				0.0,
				0.0,
				0.0,
				0.0,
				0.0,
				13.0
			],
			"source_node_id" : 34,
			"target_node_id" : 35,
			"transformation" : 
			[
				-0.98409829314242503,
				0.17760945784861437,
				-0.002330218205690124,
				0.0,
				-0.17760735373481137,
				-0.98410083639185031,
				-0.0010824565474291897,
				0.0,
				-0.0024854242057287513,
				-0.00065137975158860526,
				0.99999669918002076,
				0.0,
				-9.7903394987405719e-07,
				-1.0418218905030403e-06,
				8.664314575077941e-05,
				1.0
			],
			"uncertain" : false,
			"version_major" : 1,
			"version_minor" : 0
		},
		{
			"class_name" : "PoseGraphEdge",
			"confidence" : 1.0,
			"information" : 
			[
				13.0,
				0.0,
				0.0,
				0.0,
				0.0,
				0.0,
				0.0,
				13.0,
				0.0,
				0.0,
				0.0,
				0.0,
				0.0,
				0.0,
				13.0,
				0.0,
				0.0,
				0.0,
				0.0,
				0.0,
				0.0,
				13.0,
				0.0,
				0.0,
				0.0,
				0.0,
				0.0,
				0.0,
				13.0,
				0.0,
				0.0,
				0.0,
				0.0,
				0.0,
				0.0,
				13.0
			],
			"source_node_id" : 35,
			"target_node_id" : 36,
			"transformation" : 
			[
				1.0,
				0.0,
				0.0,
				0.0,
				0.0,
				1.0,
				0.0,
				0.0,
				0.0,
				0.0,
				1.0,
				0.0,
				0.0,
				0.0,
				0.0,
				1.0
			],
			"uncertain" : false,
			"version_major" : 1,
			"version_minor" : 0
		},
		{
			"class_name" : "PoseGraphEdge",
			"confidence" : 1.0,
			"information" : 
			[
				13.0,
				0.0,
				0.0,
				0.0,
				0.0,
				0.0,
				0.0,
				13.0,
				0.0,
				0.0,
				0.0,
				0.0,
				0.0,
				0.0,
				13.0,
				0.0,
				0.0,
				0.0,
				0.0,
				0.0,
				0.0,
				13.0,
				0.0,
				0.0,
				0.0,
				0.0,
				0.0,
				0.0,
				13.0,
				0.0,
				0.0,
				0.0,
				0.0,
				0.0,
				0.0,
				13.0
			],
			"source_node_id" : 36,
			"target_node_id" : 37,
			"transformation" : 
			[
				0.74751739185010824,
				0.6642422360614384,
				2.6715382456193286e-05,
				0.0,
				-0.6642421028609421,
				0.74751726626320103,
				-0.0006045041474927608,
				0.0,
				-0.00042150739629983453,
				0.00043413188187492566,
				0.99999981693049522,
				0.0,
				6.6039502856005906e-08,
				-3.0460280482272053e-07,
				-6.0914744263693705e-05,
				1.0
			],
			"uncertain" : false,
			"version_major" : 1,
			"version_minor" : 0
		},
		{
			"class_name" : "PoseGraphEdge",
			"confidence" : 1.0,
			"information" : 
			[
				13.0,
				0.0,
				0.0,
				0.0,
				0.0,
				0.0,
				0.0,
				13.0,
				0.0,
				0.0,
				0.0,
				0.0,
				0.0,
				0.0,
				13.0,
				0.0,
				0.0,
				0.0,
				0.0,
				0.0,
				0.0,
				13.0,
				0.0,
				0.0,
				0.0,
				0.0,
				0.0,
				0.0,
				13.0,
				0.0,
				0.0,
				0.0,
				0.0,
				0.0,
				0.0,
				13.0
			],
			"source_node_id" : 37,
			"target_node_id" : 38,
			"transformation" : 
			[
				0.99868967686722954,
				0.051175475685739137,
				-2.6771069361206284e-06,
				0.0,
				-0.051175475750784821,
				0.99868967613319282,
				-3.8296987308891564e-05,
				0.0,
				7.1373251614499366e-07,
				3.8383808101597013e-05,
				0.99999999926308691,
				0.0,
				-3.4124849540666843e-09,
				-2.5551953911228391e-08,
				1.0668028570080289e-05,
				1.0
			],
			"uncertain" : false,
			"version_major" : 1,
			"version_minor" : 0
		},
		{
			"class_name" : "PoseGraphEdge",
			"confidence" : 1.0,
			"information" : 
			[
				13.0,
				0.0,
				0.0,
				0.0,
				0.0,
				0.0,
				0.0,
				13.0,
				0.0,
				0.0,
				0.0,
				0.0,
				0.0,
				0.0,
				13.0,
				0.0,
				0.0,
				0.0,
				0.0,
				0.0,
				0.0,
				13.0,
				0.0,
				0.0,
				0.0,
				0.0,
				0.0,
				0.0,
				13.0,
				0.0,
				0.0,
				0.0,
				0.0,
				0.0,
				0.0,
				13.0
			],
			"source_node_id" : 38,
			"target_node_id" : 39,
			"transformation" : 
			[
				1.0,
				0.0,
				0.0,
				0.0,
				0.0,
				1.0,
				0.0,
				0.0,
				0.0,
				0.0,
				1.0,
				0.0,
				0.0,
				0.0,
				0.0,
				1.0
			],
			"uncertain" : false,
			"version_major" : 1,
			"version_minor" : 0
		},
		{
			"class_name" : "PoseGraphEdge",
			"confidence" : 1.0,
			"information" : 
			[
				13.000004418984727,
				4.6943498085609676e-17,
				-1.3031664763810296e-11,
				0.0,
				-0.008505882287863642,
				-2.7759657350578948e-08,
				4.6943498085609676e-17,
				13.000004418984727,
				1.1870997343213489e-11,
				0.008505882287863642,
				0.0,
				-2.3978284580117304e-08,
				-1.3031664763810296e-11,
				1.1870997343213489e-11,
				13.0,
				2.7759657350578948e-08,
				2.3978284580117304e-08,
				0.0,
				0.0,
				0.008505882287863642,
				2.7759657350578948e-08,
				30.0,
				0.0,
				0.0,
				-0.008505882287863642,
				0.0,
				2.3978284580117304e-08,
				0.0,
				30.0,
				0.0,
				-2.7759657350578948e-08,
				-2.3978284580117304e-08,
				0.0,
				0.0,
				0.0,
				30.0
			],
			"source_node_id" : 39,
			"target_node_id" : 40,
			"transformation" : 
			[
				0.99941797555966616,
				0.0341131956328024,
				-3.454995850829969e-06,
				0.0,
				-0.03411319565708551,
				0.99941797553864375,
				-7.2318771953599142e-06,
				0.0,
				3.2062825171731874e-06,
				7.3455290155365032e-06,
				0.99999999996788158,
				0.0,
				-3.345135705643169e-09,
				-5.3777585881382608e-09,
				0.00010173035528601422,
				1.0
			],
			"uncertain" : false,
			"version_major" : 1,
			"version_minor" : 0
		},
		{
			"class_name" : "PoseGraphEdge",
			"confidence" : 1.0,
			"information" : 
			[
				13.0,
				0.0,
				0.0,
				0.0,
				0.0,
				0.0,
				0.0,
				13.0,
				0.0,
				0.0,
				0.0,
				0.0,
				0.0,
				0.0,
				13.0,
				0.0,
				0.0,
				0.0,
				0.0,
				0.0,
				0.0,
				13.0,
				0.0,
				0.0,
				0.0,
				0.0,
				0.0,
				0.0,
				13.0,
				0.0,
				0.0,
				0.0,
				0.0,
				0.0,
				0.0,
				13.0
			],
			"source_node_id" : 40,
			"target_node_id" : 41,
			"transformation" : 
			[
				0.0,
				0.0,
				0.0,
				0.0,
				0.0,
				0.0,
				0.0,
				0.0,
				0.0,
				0.0,
