{
	"class_name" : "PoseGraph",
	"edges" : 
	[
		{
			"class_name" : "PoseGraphEdge",
			"confidence" : 1.0,
			"information" : 
			[
				13.0,
				0.0,
				0.0,
				0.0,
				0.0,
				0.0,
				0.0,
				13.0,
				0.0,
				0.0,
				0.0,
				0.0,
				0.0,
				0.0,
				13.0,
				0.0,
				0.0,
				0.0,
				0.0,
				0.0,
				0.0,
				13.0,
				0.0,
				0.0,
				0.0,
				0.0,
				0.0,
				0.0,
				13.0,
				0.0,
				0.0,
				0.0,
				0.0,
				0.0,
				0.0,
				13.0
			],
			"source_node_id" : 0,
			"target_node_id" : 1,
			"transformation" : 
			[
				1.0,
				0.0,
				0.0,
				0.0,
				0.0,
				1.0,
				0.0,
				0.0,
				0.0,
				0.0,
				1.0,
				0.0,
				0.0,
				0.0,
				0.0,
				1.0
			],
			"uncertain" : false,
			"version_major" : 1,
			"version_minor" : 0
		},
		{
			"class_name" : "PoseGraphEdge",
			"confidence" : 1.0,
			"information" : 
			[
				13.0,
				0.0,
				0.0,
				0.0,
				0.0,
				0.0,
				0.0,
				13.0,
				0.0,
				0.0,
				0.0,
				0.0,
				0.0,
				0.0,
				13.0,
				0.0,
				0.0,
				0.0,
				0.0,
				0.0,
				0.0,
				13.0,
				0.0,
				0.0,
				0.0,
				0.0,
				0.0,
				0.0,
				13.0,
				0.0,
				0.0,
				0.0,
				0.0,
				0.0,
				0.0,
				13.0
			],
			"source_node_id" : 1,
			"target_node_id" : 2,
			"transformation" : 
			[
				0.21586005869882294,
				-0.97642430934638946,
				-5.6355718408200711e-05,
				0.0,
				0.97642430646795519,
				0.21586006288751006,
				-8.3598881068461971e-05,
				0.0,
				9.3792928629068945e-05,
				-3.6981433887636618e-05,
				0.99999999491763003,
				0.0,
				-5.834814181585738e-08,
				-2.9272301658503834e-08,
				-0.00014098837875668345,
				1.0
			],
			"uncertain" : false,
			"version_major" : 1,
			"version_minor" : 0
		},
		{
			"class_name" : "PoseGraphEdge",
			"confidence" : 1.0,
			"information" : 
			[
				13.0,
				0.0,
				0.0,
				0.0,
				0.0,
				0.0,
				0.0,
				13.0,
				0.0,
				0.0,
				0.0,
				0.0,
				0.0,
				0.0,
				13.0,
				0.0,
				0.0,
				0.0,
				0.0,
				0.0,
				0.0,
				13.0,
				0.0,
				0.0,
				0.0,
				0.0,
				0.0,
				0.0,
				13.0,
				0.0,
				0.0,
				0.0,
				0.0,
				0.0,
				0.0,
				13.0
			],
			"source_node_id" : 2,
			"target_node_id" : 3,
			"transformation" : 
			[
				0.48592091469728832,
				0.87400276874863814,
				0.00015773225805549134,
				0.0,
				-0.87400278244714236,
				0.48592090017498252,
				0.00012266942386888213,
				0.0,
				3.0568015281246276e-05,
				-0.00019746607107392665,
				0.99999998003637325,
				0.0,
				3.9697547725718771e-08,
				1.2079373573325801e-07,
				-0.00022054998038957538,
				1.0
			],
			"uncertain" : false,
			"version_major" : 1,
			"version_minor" : 0
		},
		{
			"class_name" : "PoseGraphEdge",
			"confidence" : 1.0,
			"information" : 
			[
				13.0,
				0.0,
				0.0,
				0.0,
				0.0,
				0.0,
				0.0,
				13.0,
				0.0,
				0.0,
				0.0,
				0.0,
				0.0,
				0.0,
				13.0,
				0.0,
				0.0,
				0.0,
				0.0,
				0.0,
				0.0,
				13.0,
				0.0,
				0.0,
				0.0,
				0.0,
				0.0,
				0.0,
				13.0,
				0.0,
				0.0,
				0.0,
				0.0,
				0.0,
				0.0,
				13.0
			],
			"source_node_id" : 3,
			"target_node_id" : 4,
			"transformation" : 
			[
				0.66314235512060604,
				0.74849181812505672,
				0.0014883027054162616,
				0.0,
				-0.74849217108804811,
				0.6631434960359428,
				-0.000416515459658606,
				0.0,
				-0.001298716672906555,
				-0.00083777388035108347,
				0.99999880573425159,
				0.0,
				5.4561385600962111e-07,
				4.1858348800393895e-07,
				3.1064060289663818e-05,
				1.0
			],
			"uncertain" : false,
			"version_major" : 1,
			"version_minor" : 0
		},
		{
			"class_name" : "PoseGraphEdge",
			"confidence" : 1.0,
			"information" : 
			[
				13.0,
				0.0,
				0.0,
				0.0,
				0.0,
				0.0,
				0.0,
				13.0,
				0.0,
				0.0,
				0.0,
				0.0,
				0.0,
				0.0,
				13.0,
				0.0,
				0.0,
				0.0,
				0.0,
				0.0,
				0.0,
				13.0,
				0.0,
				0.0,
				0.0,
				0.0,
				0.0,
				0.0,
				13.0,
				0.0,
				0.0,
				0.0,
				0.0,
				0.0,
				0.0,
				13.0
			],
			"source_node_id" : 4,
			"target_node_id" : 5,
			"transformation" : 
			[
				0.82338057565735578,
				-0.56748958359912383,
				-1.1689928030059185e-05,
				0.0,
				0.56748958318121145,
				0.82338057380437191,
				6.0517752103278443e-05,
				0.0,
				-2.4717934292322534e-05,
				-5.6463053949483191e-05,
				0.99999999810047346,
				0.0,
				-5.8176510586709009e-09,
				1.1319318860183616e-08,
				0.00018454439828692227,
				1.0
			],
			"uncertain" : false,
			"version_major" : 1,
			"version_minor" : 0
		},
		{
			"class_name" : "PoseGraphEdge",
			"confidence" : 1.0,
			"information" : 
			[
				13.0,
				0.0,
				0.0,
				0.0,
				0.0,
				0.0,
				0.0,
				13.0,
				0.0,
				0.0,
				0.0,
				0.0,
				0.0,
				0.0,
				13.0,
				0.0,
				0.0,
				0.0,
				0.0,
				0.0,
				0.0,
				13.0,
				0.0,
				0.0,
				0.0,
				0.0,
				0.0,
				0.0,
				13.0,
				0.0,
				0.0,
				0.0,
				0.0,
				0.0,
				0.0,
				13.0
			],
			"source_node_id" : 5,
			"target_node_id" : 6,
			"transformation" : 
			[
				0.70595650511393226,
				-0.70824651469522515,
				-0.0035053258605467724,
				0.0,
				0.70825464349659584,
				0.7059534582731174,
				0.0022527134162238565,
				0.0,
				0.00087912048797946472,
				-0.0040729810080416132,
				0.99999131894875759,
				0.0,
				-2.4842943881675372e-06,
				-2.0120279135831698e-06,
				2.2816369613853148e-05,
				1.0
			],
			"uncertain" : false,
			"version_major" : 1,
			"version_minor" : 0
		},
		{
			"class_name" : "PoseGraphEdge",
			"confidence" : 1.0,
			"information" : 
			[
				13.0,
				0.0,
				0.0,
				0.0,
				0.0,
				0.0,
				0.0,
				13.0,
				0.0,
				0.0,
				0.0,
				0.0,
				0.0,
				0.0,
				13.0,
				0.0,
				0.0,
				0.0,
				0.0,
				0.0,
				0.0,
				13.0,
				0.0,
				0.0,
				0.0,
				0.0,
				0.0,
				0.0,
				13.0,
				0.0,
				0.0,
				0.0,
				0.0,
				0.0,
				0.0,
				13.0
			],
			"source_node_id" : 5,
			"target_node_id" : 20,
			"transformation" : 
			[
				0.71685633183713493,
				0.69722091154845189,
				-2.1336156778613802e-06,
				0.0,
				-0.69722091066929115,
				0.71685633077253952,
				-5.2505383995675832e-05,
				0.0,
				-3.5078355784789215e-05,
				3.9126418438743559e-05,
				0.9999999986193161,
				0.0,
				3.4534723776022018e-09,
				5.7045881922557282e-09,
				-0.00010266459118509646,
				1.0
			],
			"uncertain" : true,
			"version_major" : 1,
			"version_minor" : 0
		},
		{
			"class_name" : "PoseGraphEdge",
			"confidence" : 1.0,
			"information" : 
			[
				13.0,
				0.0,
				0.0,
				0.0,
				0.0,
				0.0,
				0.0,
				13.0,
				0.0,
				0.0,
				0.0,
				0.0,
				0.0,
				0.0,
				13.0,
				0.0,
				0.0,
				0.0,
				0.0,
				0.0,
				0.0,
				13.0,
				0.0,
				0.0,
				0.0,
				0.0,
				0.0,
				0.0,
				13.0,
				0.0,
				0.0,
				0.0,
				0.0,
				0.0,
				0.0,
				13.0
			],
			"source_node_id" : 5,
			"target_node_id" : 35,
			"transformation" : 
			[
				0.98384854351757378,
				-0.17900291404283977,
				1.3510020368724043e-05,
				0.0,
				0.17900291256097273,
				0.98384854102734631,
				7.4920298922341545e-05,
				0.0,
				-2.6702765657236895e-05,
				-7.1291893980299584e-05,
				0.99999999710221432,
				0.0,
				4.5991335651407693e-09,
				3.9755535297290892e-08,
				-4.1777669761981054e-06,
				1.0
			],
			"uncertain" : true,
			"version_major" : 1,
			"version_minor" : 0
		},
		{
			"class_name" : "PoseGraphEdge",
			"confidence" : 1.0,
			"information" : 
			[
				13.0,
				0.0,
				0.0,
				0.0,
				0.0,
				0.0,
				0.0,
				13.0,
				0.0,
				0.0,
				0.0,
				0.0,
				0.0,
				0.0,
				13.0,
				0.0,
				0.0,
				0.0,
				0.0,
				0.0,
				0.0,
				13.0,
				0.0,
				0.0,
				0.0,
				0.0,
				0.0,
				0.0,
				13.0,
				0.0,
				0.0,
				0.0,
				0.0,
				0.0,
				0.0,
				13.0
			],
			"source_node_id" : 5,
			"target_node_id" : 50,
			"transformation" : 
			[
				0.20251514099625836,
				-0.97927913153218893,
				1.4588639125777872e-05,
				0.0,
				0.97927910639703675,
				0.20251513913593489,
				0.00022404235109256134,
				0.0,
				-0.00022235441928678622,
				-3.1085618833581985e-05,
				0.99999997479609803,
				0.0,
				-5.8524870335840253e-08,
				1.0046006661308138e-07,
				0.0011760728340809439,
				1.0
			],
			"uncertain" : true,
			"version_major" : 1,
			"version_minor" : 0
		},
		{
			"class_name" : "PoseGraphEdge",
			"confidence" : 1.0,
			"information" : 
			[
				13.000133618740362,
				-5.6291731616853549e-15,
				2.483804734747892e-09,
				0.0,
				-0.24251250008819625,
				-4.0374907966933549e-07,
				-5.6291731616853549e-15,
				13.000133618740371,
				3.1137455149924168e-10,
				0.24251250008819625,
				0.0,
				4.1822305066330223e-06,
				2.483804734747892e-09,
				3.1137455149924168e-10,
				13.000000000000073,
				4.0374907966933549e-07,
				-4.1822305066330223e-06,
				0.0,
				0.0,
				0.24251250008819625,
				4.0374907966933549e-07,
				530.0,
				0.0,
				0.0,
				-0.24251250008819625,
				0.0,
				-4.1822305066330223e-06,
				0.0,
				530.0,
				0.0,
				-4.0374907966933549e-07,
				4.1822305066330223e-06,
				0.0,
				0.0,
				0.0,
				530.0
			],
			"source_node_id" : 5,
			"target_node_id" : 65,
			"transformation" : 
			[
				1.0,
				-7.4509372803680587e-14,
				-3.6199381115911129e-16,
				0.0,
				7.4509808728205402e-14,
				0.99999999999999989,
				2.2378750608922531e-16,
				0.0,
				8.8347616467276421e-17,
				-1.7356455316922211e-18,
				0.99999999999999978,
				0.0,
				-5.3093413516161457e-20,
				2.4525793513274031e-22,
				1.0829116737636078e-19,
				1.0
			],
			"uncertain" : true,
			"version_major" : 1,
			"version_minor" : 0
		},
		{
			"class_name" : "PoseGraphEdge",
			"confidence" : 1.0,
			"information" : 
			[
				13.0,
				0.0,
				0.0,
				0.0,
				0.0,
				0.0,
				0.0,
				13.0,
				0.0,
				0.0,
				0.0,
				0.0,
				0.0,
				0.0,
				13.0,
				0.0,
				0.0,
				0.0,
				0.0,
				0.0,
				0.0,
				13.0,
				0.0,
				0.0,
				0.0,
				0.0,
				0.0,
				0.0,
				13.0,
				0.0,
				0.0,
				0.0,
				0.0,
				0.0,
				0.0,
				13.0
			],
			"source_node_id" : 5,
			"target_node_id" : 80,
			"transformation" : 
			[
				0.84802842299707137,
				0.52995074656762808,
				1.2304894761885892e-06,
				0.0,
				-0.52995074655782703,
				0.84802842299193137,
				-4.5409201392881398e-06,
				0.0,
				-3.4499540680076693e-06,
				3.1987305280729738e-06,
				0.99999999998893285,
				0.0,
				1.716932714852879e-08,
				-2.7032545015296546e-09,
				-4.2782048742687158e-06,
				1.0
			],
			"uncertain" : true,
			"version_major" : 1,
			"version_minor" : 0
		},
		{
			"class_name" : "PoseGraphEdge",
			"confidence" : 1.0,
			"information" : 
			[
				13.000014597735127,
				5.2217657534799506e-15,
				2.3964011714626667e-10,
				0.0,
				-0.030094762303633615,
				6.3077850120940582e-07,
				5.2217657534799506e-15,
				13.000014597735126,
				-3.0985782105135355e-10,
				0.030094762303633615,
				0.0,
				4.5859301744943792e-07,
				2.3964011714626667e-10,
				-3.0985782105135355e-10,
				13.000000000000007,
				-6.3077850120940582e-07,
				-4.5859301744943792e-07,
				0.0,
				0.0,
				0.030094762303633615,
				-6.3077850120940582e-07,
				80.0,
				0.0,
				0.0,
				-0.030094762303633615,
				0.0,
				-4.5859301744943792e-07,
				0.0,
				80.0,
				0.0,
				6.3077850120940582e-07,
				4.5859301744943792e-07,
				0.0,
				0.0,
				0.0,
				80.0
			],
			"source_node_id" : 5,
			"target_node_id" : 95,
			"transformation" : 
			[
				0.98751022806786493,
				-0.15755490879102718,
				1.3311834453513869e-05,
				0.0,
				0.15755490845713752,
				0.98751022793767673,
				2.3228029201829962e-05,
				0.0,
				-1.680526269748393e-05,
				-2.084057155597664e-05,
				0.99999999964162667,
				0.0,
				3.3567554611036024e-09,
				1.3496108280651976e-08,
				7.2176718416819125e-05,
				1.0
			],
			"uncertain" : true,
			"version_major" : 1,
			"version_minor" : 0
		},
		{
			"class_name" : "PoseGraphEdge",
			"confidence" : 1.0,
			"information" : 
			[
				13.0,
				0.0,
				0.0,
				0.0,
				0.0,
				0.0,
				0.0,
				13.0,
				0.0,
				0.0,
				0.0,
				0.0,
				0.0,
				0.0,
				13.0,
				0.0,
				0.0,
				0.0,
				0.0,
				0.0,
				0.0,
				13.0,
				0.0,
				0.0,
				0.0,
				0.0,
				0.0,
				0.0,
				13.0,
				0.0,
				0.0,
				0.0,
				0.0,
				0.0,
				0.0,
				13.0
			],
			"source_node_id" : 5,
			"target_node_id" : 110,
			"transformation" : 
			[
				0.59577705724457342,
				-0.80314985905150871,
				-4.4345671122312518e-05,
				0.0,
				0.80314984546913049,
				0.59577703475054411,
				0.00022491501029853095,
				0.0,
				-0.00015422032637443689,
				-0.0001696154218749615,
				0.99999997372334959,
				0.0,
				-2.3336585821531732e-08,
				9.6835182782246684e-08,
				2.2078689501592778e-05,
				1.0
			],
			"uncertain" : true,
			"version_major" : 1,
			"version_minor" : 0
		},
		{
			"class_name" : "PoseGraphEdge",
			"confidence" : 1.0,
			"information" : 
			[
				13.0,
				0.0,
				0.0,
				0.0,
				0.0,
				0.0,
				0.0,
				13.0,
				0.0,
				0.0,
				0.0,
				0.0,
				0.0,
				0.0,
				13.0,
				0.0,
				0.0,
				0.0,
				0.0,
				0.0,
				0.0,
				13.0,
				0.0,
				0.0,
				0.0,
				0.0,
				0.0,
				0.0,
				13.0,
				0.0,
				0.0,
				0.0,
				0.0,
				0.0,
				0.0,
				13.0
			],
			"source_node_id" : 6,
			"target_node_id" : 7,
			"transformation" : 
			[
				0.96073157443799206,
				-0.27747944402186714,
				-4.817912322657387e-06,
				0.0,
				0.27747944406267955,
				0.96073157424270261,
				1.938568298070609e-05,
				0.0,
				-7.5040804516055309e-07,
				-1.996130936444326e-05,
				0.99999999980049148,
				0.0,
				7.9739634375885903e-10,
				-5.1315800790622839e-08,
				0.00020115892424105546,
				1.0
			],
			"uncertain" : false,
			"version_major" : 1,
			"version_minor" : 0
		},
		{
			"class_name" : "PoseGraphEdge",
			"confidence" : 1.0,
			"information" : 
			[
				13.000050196295412,
				-5.4101837288947459e-16,
				2.2981729359838819e-10,
				0.0,
				-0.068440433940850198,
				-1.0800245819897469e-07,
				-5.4101837288947459e-16,
				13.000050196295399,
				9.886642482541349e-11,
				0.068440433940850198,
				0.0,
				3.2599865651405935e-07,
				2.2981729359838819e-10,
				9.886642482541349e-11,
				13.000000000000014,
				1.0800245819897469e-07,
				-3.2599865651405935e-07,
				0.0,
				0.0,
				0.068440433940850198,
				1.0800245819897469e-07,
				109.0,
				0.0,
				0.0,
				-0.068440433940850198,
				0.0,
				-3.2599865651405935e-07,
				0.0,
				109.0,
				0.0,
				-1.0800245819897469e-07,
				3.2599865651405935e-07,
				0.0,
				0.0,
				0.0,
				109.0
			],
			"source_node_id" : 7,
			"target_node_id" : 8,
			"transformation" : 
			[
				0.99886503587821052,
				-0.047630241057798742,
				-1.538821432172014e-05,
				0.0,
				0.047630241671236008,
				0.99886503507110969,
				4.2317025060294275e-05,
				0.0,
				1.3355179133676009e-05,
				-4.3001941122142257e-05,
				0.99999999898623615,
				0.0,
				-6.3784926856800734e-09,
				2.8542531861161227e-08,
				-3.7067156553874779e-05,
				1.0
			],
			"uncertain" : false,
			"version_major" : 1,
			"version_minor" : 0
		},
		{
			"class_name" : "PoseGraphEdge",
			"confidence" : 1.0,
			"information" : 
			[
				13.0,
				0.0,
				0.0,
				0.0,
				0.0,
				0.0,
				0.0,
				13.0,
				0.0,
				0.0,
				0.0,
				0.0,
				0.0,
				0.0,
				13.0,
				0.0,
				0.0,
				0.0,
				0.0,
				0.0,
				0.0,
				13.0,
				0.0,
				0.0,
				0.0,
				0.0,
				0.0,
				0.0,
				13.0,
				0.0,
				0.0,
				0.0,
				0.0,
				0.0,
				0.0,
				13.0
			],
			"source_node_id" : 8,
			"target_node_id" : 9,
			"transformation" : 
			[
				0.99999867648369922,
				-0.0016269597691931713,
				-5.7235784606232679e-06,
				0.0,
				0.0016269599912605345,
				0.99999867573881174,
				3.9010380121958433e-05,
				0.0,
				5.6601025620710949e-06,
				-3.9019640524246714e-05,
				0.99999999922271543,
				0.0,
				-4.6539921850194264e-09,
				3.5495513331219465e-08,
				0.00088821130290629019,
				1.0
			],
			"uncertain" : false,
			"version_major" : 1,
			"version_minor" : 0
		},
		{
			"class_name" : "PoseGraphEdge",
			"confidence" : 1.0,
			"information" : 
			[
				13.0,
				0.0,
				0.0,
				0.0,
				0.0,
				0.0,
				0.0,
				13.0,
				0.0,
				0.0,
				0.0,
				0.0,
				0.0,
				0.0,
				13.0,
				0.0,
				0.0,
				0.0,
				0.0,
				0.0,
				0.0,
				13.0,
				0.0,
				0.0,
				0.0,
				0.0,
				0.0,
				0.0,
				13.0,
				0.0,
				0.0,
				0.0,
				0.0,
				0.0,
				0.0,
				13.0
			],
			"source_node_id" : 9,
			"target_node_id" : 10,
			"transformation" : 
			[
				0.97168110065864155,
				-0.23629608162395757,
				-2.0784006758476468e-05,
				0.0,
				0.2362960793415553,
				0.97168109822318405,
				-7.9016431624253622e-05,
				0.0,
				3.8866699689272982e-05,
				7.1867593940736662e-05,
				0.99999999666221429,
				0.0,
				-1.5138827543409479e-08,
				-4.874671106867942e-08,
				-0.0002552702421323588,
				1.0
			],
			"uncertain" : false,
			"version_major" : 1,
			"version_minor" : 0
		},
		{
			"class_name" : "PoseGraphEdge",
			"confidence" : 1.0,
			"information" : 
			[
				13.0,
				0.0,
				0.0,
				0.0,
				0.0,
				0.0,
				0.0,
				13.0,
				0.0,
				0.0,
				0.0,
				0.0,
				0.0,
				0.0,
				13.0,
				0.0,
				0.0,
				0.0,
				0.0,
				0.0,
				0.0,
				13.0,
				0.0,
				0.0,
				0.0,
				0.0,
				0.0,
				0.0,
				13.0,
				0.0,
				0.0,
				0.0,
				0.0,
				0.0,
				0.0,
				13.0
			],
			"source_node_id" : 10,
			"target_node_id" : 11,
			"transformation" : 
			[
				0.99980626426200359,
				-0.019683341750238822,
				3.7439454443307426e-13,
				0.0,
				0.019683332677974681,
				0.9998058034405497,
				0.00096011524573640496,
				0.0,
				-1.8898276875766022e-05,
				-0.00095992923709334115,
				0.99999953908925121,
				0.0,
				-2.1151107391887416e-08,
				4.6527206925410176e-07,
				-4.6731407714886629e-05,
				1.0
			],
			"uncertain" : false,
			"version_major" : 1,
			"version_minor" : 0
		},
		{
			"class_name" : "PoseGraphEdge",
			"confidence" : 1.0,
			"information" : 
			[
				13.0,
				0.0,
				0.0,
				0.0,
				0.0,
				0.0,
				0.0,
				13.0,
				0.0,
				0.0,
				0.0,
				0.0,
				0.0,
				0.0,
				13.0,
				0.0,
				0.0,
				0.0,
				0.0,
				0.0,
				0.0,
				13.0,
				0.0,
				0.0,
				0.0,
				0.0,
				0.0,
				0.0,
				13.0,
				0.0,
				0.0,
				0.0,
				0.0,
				0.0,
				0.0,
				13.0
			],
			"source_node_id" : 10,
			"target_node_id" : 25,
			"transformation" : 
			[
				0.98815530544393371,
				-0.15345713424464116,
				-1.6505408616390526e-05,
				0.0,
				0.15345712991357849,
				0.98815529417402403,
				-0.00015451386849543047,
				0.0,
				4.0021162367286983e-05,
				0.00015015082628382824,
				0.99999998792651812,
				0.0,
				-1.1106686010199156e-10,
				-1.12663556219808e-07,
				8.6965181761508315e-05,
				1.0
			],
			"uncertain" : true,
			"version_major" : 1,
			"version_minor" : 0
		},
		{
			"class_name" : "PoseGraphEdge",
			"confidence" : 1.0,
			"information" : 
			[
				13.0,
				0.0,
				0.0,
				0.0,
				0.0,
				0.0,
				0.0,
				13.0,
				0.0,
				0.0,
				0.0,
				0.0,
				0.0,
				0.0,
				13.0,
				0.0,
				0.0,
				0.0,
				0.0,
				0.0,
				0.0,
				13.0,
				0.0,
				0.0,
				0.0,
				0.0,
				0.0,
				0.0,
				13.0,
				0.0,
				0.0,
				0.0,
				0.0,
				0.0,
				0.0,
				13.0
			],
			"source_node_id" : 10,
			"target_node_id" : 40,
			"transformation" : 
			[
				-0.9975345788496176,
				0.070175877097117631,
				0.00033207373531082124,
				0.0,
				-0.070175845092021211,
				-0.997534630626283,
				0.00010708363621454436,
				0.0,
				0.00033876973898803173,
				8.3516074944267322e-05,
				0.99999993913006269,
				0.0,
				6.6085287658386176e-07,
				-9.4084492397324199e-08,
				-0.00030679791433802493,
				1.0
			],
			"uncertain" : true,
			"version_major" : 1,
			"version_minor" : 0
		},
		{
			"class_name" : "PoseGraphEdge",
			"confidence" : 1.0,
			"information" : 
			[
				13.0,
				0.0,
				0.0,
				0.0,
				0.0,
				0.0,
				0.0,
				13.0,
				0.0,
				0.0,
				0.0,
				0.0,
				0.0,
				0.0,
				13.0,
				0.0,
				0.0,
				0.0,
				0.0,
				0.0,
				0.0,
				13.0,
				0.0,
				0.0,
				0.0,
				0.0,
				0.0,
				0.0,
				13.0,
				0.0,
				0.0,
				0.0,
				0.0,
				0.0,
				0.0,
				13.0
			],
			"source_node_id" : 10,
			"target_node_id" : 50,
			"transformation" : 
			[
				0.89666644051917921,
				-0.44270678075987557,
				-2.6756154560529217e-05,
				0.0,
				0.4427067587985023,
				0.89666641214702525,
				-0.00026653612426055958,
				0.0,
				0.00014198869463988544,
				0.00022714886734744369,
				0.99999996412130054,
				0.0,
				-3.2116966037524795e-08,
				-1.0130759739034231e-07,
				8.4292904258871908e-05,
				1.0
			],
			"uncertain" : true,
			"version_major" : 1,
			"version_minor" : 0
		},
		{
			"class_name" : "PoseGraphEdge",
			"confidence" : 1.0,
			"information" : 
			[
				13.0,
				0.0,
				0.0,
				0.0,
				0.0,
				0.0,
				0.0,
				13.0,
				0.0,
				0.0,
				0.0,
				0.0,
				0.0,
				0.0,
				13.0,
				0.0,
				0.0,
				0.0,
				0.0,
				0.0,
				0.0,
				13.0,
				0.0,
				0.0,
				0.0,
				0.0,
				0.0,
				0.0,
				13.0,
				0.0,
				0.0,
				0.0,
				0.0,
				0.0,
				0.0,
				13.0
			],
			"source_node_id" : 10,
			"target_node_id" : 55,
			"transformation" : 
			[
				-0.98736931369404091,
				0.15843557681597956,
				7.983950253884606e-05,
				0.0,
				-0.15843558300209726,
				-0.98736931283141827,
				-7.8215078193251051e-05,
				0.0,
				6.6439023729310745e-05,
				-8.9876586207267127e-05,
				0.99999999375402804,
				0.0,
				4.9926786604842463e-08,
				-2.5038721230897423e-07,
				9.5168137356656506e-06,
				1.0
			],
			"uncertain" : true,
			"version_major" : 1,
			"version_minor" : 0
		},
		{
			"class_name" : "PoseGraphEdge",
			"confidence" : 1.0,
			"information" : 
			[
				13.00013909018506,
				1.6015142890739346e-15,
				-9.1655088944261121e-10,
				0.0,
				-0.22294033317302819,
				-3.1995828514430613e-07,
				1.6015142890739346e-15,
				13.000139090185026,
				1.9415963373286568e-10,
				0.22294033317302819,
				0.0,
				-1.3228010395383016e-06,
				-9.1655088944261121e-10,
				1.9415963373286568e-10,
				13.000000000000034,
				3.1995828514430613e-07,
				1.3228010395383016e-06,
				0.0,
				0.0,
				0.22294033317302819,
				3.1995828514430613e-07,
				421.0,
				0.0,
				0.0,
				-0.22294033317302819,
				0.0,
				1.3228010395383016e-06,
				0.0,
				421.0,
				0.0,
				-3.1995828514430613e-07,
				-1.3228010395383016e-06,
				0.0,
				0.0,
				0.0,
				421.0
			],
			"source_node_id" : 10,
			"target_node_id" : 70,
			"transformation" : 
			[
				1.0,
				1.5968252273615919e-13,
				-3.2431229926047309e-16,
				0.0,
				-1.5968293847336079e-13,
				1.0,
				2.488934989299924e-18,
				0.0,
				2.5499512822563005e-16,
				1.5844778277857728e-16,
				1.0,
				0.0,
				-1.7029580860935457e-19,
				-1.0605448069664878e-19,
				0.0,
				1.0
			],
			"uncertain" : true,
			"version_major" : 1,
			"version_minor" : 0
		},
		{
			"class_name" : "PoseGraphEdge",
			"confidence" : 1.0,
			"information" : 
			[
				13.0,
				0.0,
				0.0,
				0.0,
				0.0,
				0.0,
				0.0,
				13.0,
				0.0,
				0.0,
				0.0,
				0.0,
				0.0,
				0.0,
				13.0,
				0.0,
				0.0,
				0.0,
				0.0,
				0.0,
				0.0,
				13.0,
				0.0,
				0.0,
				0.0,
				0.0,
				0.0,
				0.0,
				13.0,
				0.0,
				0.0,
				0.0,
				0.0,
				0.0,
				0.0,
				13.0
			],
			"source_node_id" : 10,
			"target_node_id" : 85,
			"transformation" : 
			[
				0.63718594172741094,
				0.77071010924082861,
				-5.6382110430340013e-05,
				0.0,
				-0.7707100785675185,
				0.63718589163598671,
				-0.00033807469973403694,
				0.0,
				-0.00022463170345621224,
				0.00025887070668361388,
				0.99999994126327596,
				0.0,
				-2.0968075191861526e-08,
				-2.1059919294567322e-07,
				0.00015574150974539345,
				1.0
			],
			"uncertain" : true,
			"version_major" : 1,
			"version_minor" : 0
		},
		{
			"class_name" : "PoseGraphEdge",
			"confidence" : 1.0,
			"information" : 
			[
				13.0,
				0.0,
				0.0,
				0.0,
				0.0,
				0.0,
				0.0,
				13.0,
				0.0,
				0.0,
				0.0,
				0.0,
				0.0,
				0.0,
				13.0,
				0.0,
				0.0,
				0.0,
				0.0,
				0.0,
				0.0,
				13.0,
				0.0,
				0.0,
				0.0,
				0.0,
				0.0,
				0.0,
				13.0,
				0.0,
				0.0,
				0.0,
				0.0,
				0.0,
				0.0,
				13.0
			],
			"source_node_id" : 10,
			"target_node_id" : 100,
			"transformation" : 
			[
				0.50496594734336719,
				-0.86313926445984801,
				-4.6597510336356197e-05,
				0.0,
				0.86313918578440763,
				0.50496592307761934,
				-0.00040310519439742335,
				0.0,
				0.00037146607581206006,
				0.00016333425923674042,
				0.99999991766743368,
				0.0,
				-7.5123764707881894e-08,
				-1.4407746973132248e-07,
				-1.5527571402111911e-05,
				1.0
			],
			"uncertain" : true,
			"version_major" : 1,
			"version_minor" : 0
		},
		{
			"class_name" : "PoseGraphEdge",
			"confidence" : 1.0,
			"information" : 
			[
				13.0,
				0.0,
				0.0,
				0.0,
				0.0,
				0.0,
				0.0,
				13.0,
				0.0,
				0.0,
				0.0,
				0.0,
				0.0,
				0.0,
				13.0,
				0.0,
				0.0,
				0.0,
				0.0,
				0.0,
				0.0,
				13.0,
				0.0,
				0.0,
				0.0,
				0.0,
				0.0,
				0.0,
				13.0,
				0.0,
				0.0,
				0.0,
				0.0,
				0.0,
				0.0,
				13.0
			],
			"source_node_id" : 10,
			"target_node_id" : 110,
			"transformation" : 
			[
				0.08953515788904931,
				0.99598366135559502,
				4.2596791890301932e-05,
				0.0,
				-0.99598365886739182,
				0.089535161035020697,
				-7.8788043914024779e-05,
				0.0,
				-8.2285515070438573e-05,
				-3.5371408690871778e-05,
				0.99999999598897893,
				0.0,
				2.3332293172458821e-08,
				2.9760967564856795e-08,
				0.0010979062741995099,
				1.0
			],
			"uncertain" : true,
			"version_major" : 1,
			"version_minor" : 0
		},
		{
			"class_name" : "PoseGraphEdge",
			"confidence" : 1.0,
			"information" : 
			[
				13.0,
				0.0,
				0.0,
				0.0,
				0.0,
				0.0,
				0.0,
				13.0,
				0.0,
				0.0,
				0.0,
				0.0,
				0.0,
				0.0,
				13.0,
				0.0,
				0.0,
				0.0,
				0.0,
				0.0,
				0.0,
				13.0,
				0.0,
				0.0,
				0.0,
				0.0,
				0.0,
				0.0,
				13.0,
				0.0,
				0.0,
				0.0,
				0.0,
				0.0,
				0.0,
				13.0
			],
			"source_node_id" : 10,
			"target_node_id" : 115,
			"transformation" : 
			[
				0.91749891180671983,
				0.39773828434278707,
				6.3257737762144366e-05,
				0.0,
				-0.39773827374888215,
				0.91749890874000428,
				-0.00013437321759303359,
				0.0,
				-0.00011148427839308505,
				9.8127257498430148e-05,
				0.99999998897114883,
				0.0,
				-3.3287233747912434e-08,
				-9.878639734152421e-09,
				0.00011369878581846677,
				1.0
			],
			"uncertain" : true,
			"version_major" : 1,
			"version_minor" : 0
		},
		{
			"class_name" : "PoseGraphEdge",
			"confidence" : 1.0,
			"information" : 
			[
				13.0,
				0.0,
				0.0,
				0.0,
				0.0,
				0.0,
				0.0,
				13.0,
				0.0,
				0.0,
				0.0,
				0.0,
				0.0,
				0.0,
				13.0,
				0.0,
				0.0,
				0.0,
				0.0,
				0.0,
				0.0,
				13.0,
				0.0,
				0.0,
				0.0,
				0.0,
				0.0,
				0.0,
				13.0,
				0.0,
				0.0,
				0.0,
				0.0,
				0.0,
				0.0,
				13.0
			],
			"source_node_id" : 11,
			"target_node_id" : 12,
			"transformation" : 
			[
				0.98573285173396397,
				-0.16831739133034804,
				2.8074432405726807e-05,
				0.0,
				0.16831739362655238,
				0.98573284162028607,
				-0.00014125848746205782,
				0.0,
				-3.8976299192894764e-06,
				0.00014396854696767738,
				0.99999998962893288,
				0.0,
				-5.8945780945601198e-09,
				-9.6617616367154725e-08,
				-3.7228364869148712e-05,
				1.0
			],
			"uncertain" : false,
			"version_major" : 1,
			"version_minor" : 0
		},
		{
			"class_name" : "PoseGraphEdge",
			"confidence" : 1.0,
			"information" : 
			[
				13.0,
				0.0,
				0.0,
				0.0,
				0.0,
				0.0,
				0.0,
				13.0,
				0.0,
				0.0,
				0.0,
				0.0,
				0.0,
				0.0,
				13.0,
				0.0,
				0.0,
				0.0,
				0.0,
				0.0,
				0.0,
				13.0,
				0.0,
				0.0,
				0.0,
				0.0,
				0.0,
				0.0,
				13.0,
				0.0,
				0.0,
				0.0,
				0.0,
				0.0,
				0.0,
				13.0
			],
			"source_node_id" : 12,
			"target_node_id" : 13,
			"transformation" : 
			[
				0.99983557370932497,
				-0.018133532694606758,
				2.3180988101605039e-05,
				0.0,
				0.01813353290044728,
				0.9998355739364585,
				-8.7005791135591037e-06,
				0.0,
				-2.3019404307164778e-05,
				9.1195017200140709e-06,
				0.9999999996934712,
				0.0,
				8.3520756272333784e-10,
				-5.108403586998274e-10,
				-0.00058398335094328121,
				1.0
			],
			"uncertain" : false,
			"version_major" : 1,
			"version_minor" : 0
		},
		{
			"class_name" : "PoseGraphEdge",
			"confidence" : 1.0,
			"information" : 
			[
				13.0,
				0.0,
				0.0,
				0.0,
				0.0,
				0.0,
				0.0,
				13.0,
				0.0,
				0.0,
				0.0,
				0.0,
				0.0,
				0.0,
				13.0,
				0.0,
				0.0,
				0.0,
				0.0,
				0.0,
				0.0,
				13.0,
				0.0,
				0.0,
				0.0,
				0.0,
				0.0,
				0.0,
				13.0,
				0.0,
				0.0,
				0.0,
				0.0,
				0.0,
				0.0,
				13.0
			],
			"source_node_id" : 13,
			"target_node_id" : 14,
			"transformation" : 
			[
				0.99852127906215804,
				-0.05436225797462315,
				-1.2960432575294699e-05,
				0.0,
				0.054362257903445406,
				0.9985212791333995,
				-5.7826305655391807e-06,
				0.0,
				1.3255624567781227e-05,
				5.0695212904477283e-06,
				0.99999999989929444,
				0.0,
				-6.0228201797075822e-09,
				1.1208235744776253e-09,
				0.00038017136073858945,
				1.0
			],
			"uncertain" : false,
			"version_major" : 1,
			"version_minor" : 0
		},
		{
			"class_name" : "PoseGraphEdge",
			"confidence" : 1.0,
			"information" : 
			[
				13.0,
				0.0,
				0.0,
				0.0,
				0.0,
				0.0,
				0.0,
				13.0,
				0.0,
				0.0,
				0.0,
				0.0,
				0.0,
				0.0,
				13.0,
				0.0,
				0.0,
				0.0,
				0.0,
				0.0,
				0.0,
				13.0,
				0.0,
				0.0,
				0.0,
				0.0,
				0.0,
				0.0,
				13.0,
				0.0,
				0.0,
				0.0,
				0.0,
				0.0,
				0.0,
				13.0
			],
			"source_node_id" : 14,
			"target_node_id" : 15,
			"transformation" : 
			[
				0.95789940773342841,
				0.28710402734069068,
				-4.6354106078765811e-05,
				0.0,
				-0.28710402930041579,
				0.95789940729210354,
				-4.3230814050343096e-05,
				0.0,
				3.1990829919335034e-05,
				5.4719221804490182e-05,
				0.99999999799119665,
				0.0,
				-2.6199846649136034e-08,
				-3.8328890241218893e-08,
				0.00020413924262469859,
				1.0
			],
			"uncertain" : false,
			"version_major" : 1,
			"version_minor" : 0
		},
		{
			"class_name" : "PoseGraphEdge",
			"confidence" : 1.0,
			"information" : 
			[
				13.0,
				0.0,
				0.0,
				0.0,
				0.0,
				0.0,
				0.0,
				13.0,
				0.0,
				0.0,
				0.0,
				0.0,
				0.0,
				0.0,
				13.0,
				0.0,
				0.0,
				0.0,
				0.0,
				0.0,
				0.0,
				13.0,
				0.0,
				0.0,
				0.0,
				0.0,
				0.0,
				0.0,
				13.0,
				0.0,
				0.0,
				0.0,
				0.0,
				0.0,
				0.0,
				13.0
			],
			"source_node_id" : 15,
			"target_node_id" : 16,
			"transformation" : 
			[
				0.91698279313466857,
				-0.39892674844146692,
				8.0454088982788598e-05,
				0.0,
				0.39892675424258728,
				0.91698279088407697,
				-7.7278220204140256e-05,
				0.0,
				-4.2946665942092024e-05,
				0.00010295808679471668,
				0.99999999377760806,
				0.0,
				8.9621917454618025e-08,
				-7.3972117927416979e-08,
				0.00080749375667729282,
				1.0
			],
			"uncertain" : false,
			"version_major" : 1,
			"version_minor" : 0
		},
		{
			"class_name" : "PoseGraphEdge",
			"confidence" : 1.0,
			"information" : 
			[
				13.0,
				0.0,
				0.0,
				0.0,
				0.0,
				0.0,
				0.0,
				13.0,
				0.0,
				0.0,
				0.0,
				0.0,
				0.0,
				0.0,
				13.0,
				0.0,
				0.0,
				0.0,
				0.0,
				0.0,
				0.0,
				13.0,
				0.0,
				0.0,
				0.0,
				0.0,
				0.0,
				0.0,
				13.0,
				0.0,
				0.0,
				0.0,
				0.0,
				0.0,
				0.0,
				13.0
			],
			"source_node_id" : 15,
			"target_node_id" : 30,
			"transformation" : 
			[
				0.8137339989306277,
				0.58123743798713656,
				-0.00014023736584064205,
				0.0,
				-0.58123732993314581,
				0.81373395850225361,
				0.00045942620871919376,
				0.0,
				0.00038115161933566607,
				-0.00029233953395699295,
				0.99999988463051348,
				0.0,
				-1.5401857594297708e-07,
				1.5745467320706886e-07,
				6.0374520013274616e-05,
				1.0
			],
			"uncertain" : true,
			"version_major" : 1,
			"version_minor" : 0
		},
		{
			"class_name" : "PoseGraphEdge",
			"confidence" : 1.0,
			"information" : 
			[
				13.0,
				0.0,
				0.0,
				0.0,
				0.0,
				0.0,
				0.0,
				13.0,
				0.0,
				0.0,
				0.0,
				0.0,
				0.0,
				0.0,
				13.0,
				0.0,
				0.0,
				0.0,
				0.0,
				0.0,
				0.0,
				13.0,
				0.0,
				0.0,
				0.0,
				0.0,
				0.0,
				0.0,
				13.0,
				0.0,
				0.0,
				0.0,
				0.0,
				0.0,
				0.0,
				13.0
			],
			"source_node_id" : 15,
			"target_node_id" : 45,
			"transformation" : 
			[
				0.75762686695338088,
				0.65268791603425491,
				-0.0001213806632570977,
				0.0,
				-0.65268792727253311,
				0.75762685153286913,
				-0.00015306559200567004,
				0.0,
				-7.9428125221204031e-06,
				0.00019519029842186356,
				0.99999998091882936,
				0.0,
				-8.0580163231236408e-09,
				-7.0437272228639621e-08,
				0.00043824247610446481,
				1.0
			],
			"uncertain" : true,
			"version_major" : 1,
			"version_minor" : 0
		},
		{
			"class_name" : "PoseGraphEdge",
			"confidence" : 1.0,
			"information" : 
			[
				13.000207627378117,
				3.5694427732473066e-14,
				-3.9508389987869736e-09,
				0.0,
				-0.34264773325412534,
				-2.1640010421097866e-06,
				3.5694427732473066e-14,
				13.000207627378197,
				1.2407307088125241e-09,
				0.34264773325412534,
				0.0,
				-5.7625599182986598e-06,
				-3.9508389987869736e-09,
				1.2407307088125241e-09,
				13.000000000000153,
				2.1640010421097866e-06,
				5.7625599182986598e-06,
				0.0,
				0.0,
				0.34264773325412534,
				2.1640010421097866e-06,
				600.0,
				0.0,
				0.0,
				-0.34264773325412534,
				0.0,
				5.7625599182986598e-06,
				0.0,
				600.0,
				0.0,
				-2.1640010421097866e-06,
				-5.7625599182986598e-06,
				0.0,
				0.0,
				0.0,
				600.0
			],
			"source_node_id" : 15,
			"target_node_id" : 60,
			"transformation" : 
			[
				0.92601592299353219,
				0.37748444978997653,
				-2.3004269661906444e-05,
				0.0,
				-0.37748444888520488,
				0.92601592295593127,
				3.5803751164655551e-05,
				0.0,
				3.4817679311857053e-05,
				-2.4471089625826349e-05,
				0.99999999909444748,
				0.0,
				-1.7242275238131565e-08,
				5.7551877538092068e-09,
				4.7340302284234757e-05,
				1.0
			],
			"uncertain" : true,
			"version_major" : 1,
			"version_minor" : 0
		},
		{
			"class_name" : "PoseGraphEdge",
			"confidence" : 1.0,
			"information" : 
			[
				13.000527478260588,
				9.4323074958597141e-15,
				-9.2384703845527006e-09,
				0.0,
				-0.91867484424437862,
				-8.1174265661315692e-07,
				9.4323074958597141e-15,
				13.00052747826072,
				3.53677936605733e-10,
				0.91867484424437862,
				0.0,
				-1.223935478389393e-05,
				-9.2384703845527006e-09,
				3.53677936605733e-10,
				13.000000000000366,
				8.1174265661315692e-07,
				1.223935478389393e-05,
				0.0,
				0.0,
				0.91867484424437862,
				8.1174265661315692e-07,
				1950.0,
				0.0,
				0.0,
				-0.91867484424437862,
				0.0,
				1.223935478389393e-05,
				0.0,
				1950.0,
				0.0,
				-8.1174265661315692e-07,
				-1.223935478389393e-05,
				0.0,
				0.0,
				0.0,
				1950.0
			],
			"source_node_id" : 15,
			"target_node_id" : 75,
			"transformation" : 
			[
				1.0000000000000002,
				-4.8286157628042406e-12,
				-1.7829664358865801e-17,
				0.0,
				4.8286058608345974e-12,
				1.0,
				6.4873329312157293e-17,
				0.0,
				-9.5395218402915825e-17,
				4.1472811075994878e-17,
				0.99999999999999989,
				0.0,
				5.6061341013578748e-20,
				1.510639299168182e-21,
				1.0835269917007762e-19,
				1.0
			],
			"uncertain" : true,
			"version_major" : 1,
			"version_minor" : 0
		},
		{
			"class_name" : "PoseGraphEdge",
			"confidence" : 1.0,
			"information" : 
			[
				13.0,
				0.0,
				0.0,
				0.0,
				0.0,
				0.0,
				0.0,
				13.0,
				0.0,
				0.0,
				0.0,
				0.0,
				0.0,
				0.0,
				13.0,
				0.0,
				0.0,
				0.0,
				0.0,
				0.0,
				0.0,
				13.0,
				0.0,
				0.0,
				0.0,
				0.0,
				0.0,
				0.0,
				13.0,
				0.0,
				0.0,
				0.0,
				0.0,
				0.0,
				0.0,
				13.0
			],
			"source_node_id" : 15,
			"target_node_id" : 90,
			"transformation" : 
			[
				-0.14964670345165917,
				-0.98873950859338022,
				0.00021975570938579501,
				0.0,
				0.9887394277783691,
				-0.14964678637299594,
				-0.00042811766736153864,
				0.0,
				0.00045618258774399054,
				0.0001532147367388914,
				0.9999998842113389,
				0.0,
				-2.2848093245082567e-07,
				-1.4831455498282452e-07,
				0.00019963674791358059,
				1.0
			],
			"uncertain" : true,
			"version_major" : 1,
			"version_minor" : 0
		},
		{
			"class_name" : "PoseGraphEdge",
			"confidence" : 1.0,
			"information" : 
			[
				13.0,
				0.0,
				0.0,
				0.0,
				0.0,
				0.0,
				0.0,
				13.0,
				0.0,
				0.0,
				0.0,
				0.0,
				0.0,
				0.0,
				13.0,
				0.0,
				0.0,
				0.0,
				0.0,
				0.0,
				0.0,
				13.0,
				0.0,
				0.0,
				0.0,
				0.0,
				0.0,
				0.0,
				13.0,
				0.0,
				0.0,
				0.0,
				0.0,
				0.0,
				0.0,
				13.0
			],
			"source_node_id" : 15,
			"target_node_id" : 105,
			"transformation" : 
			[
				0.47247944722595925,
				-0.8813415017014834,
				0.00057387073980724713,
				0.0,
				0.88134166683754622,
				0.47247919095296181,
				-0.00052953984748679134,
				0.0,
				0.00019556346153908662,
				0.00075597288879559869,
				0.99999969512991571,
				0.0,
				-4.3251299876372866e-08,
				-3.7739414054861906e-07,
				-4.6108517458731008e-05,
				1.0
			],
			"uncertain" : true,
			"version_major" : 1,
			"version_minor" : 0
		},
		{
			"class_name" : "PoseGraphEdge",
			"confidence" : 1.0,
			"information" : 
			[
				13.0,
				0.0,
				0.0,
				0.0,
				0.0,
				0.0,
				0.0,
				13.0,
				0.0,
				0.0,
				0.0,
				0.0,
				0.0,
				0.0,
				13.0,
				0.0,
				0.0,
				0.0,
				0.0,
				0.0,
				0.0,
				13.0,
				0.0,
				0.0,
				0.0,
				0.0,
				0.0,
				0.0,
				13.0,
				0.0,
				0.0,
				0.0,
				0.0,
				0.0,
				0.0,
				13.0
			],
			"source_node_id" : 16,
			"target_node_id" : 17,
			"transformation" : 
			[
				0.74702258714535674,
				0.66479864773566888,
				-0.00011074061419954042,
				0.0,
				-0.66479865587059872,
				0.74702258509045116,
				-6.7211791285360604e-05,
				0.0,
				3.8043431935445251e-05,
				0.00012382893768280286,
				0.99999999160954567,
				0.0,
				-7.2603106497426748e-08,
				-5.0673516556402661e-08,
				2.2181066326821825e-05,
				1.0
			],
			"uncertain" : false,
			"version_major" : 1,
			"version_minor" : 0
		},
		{
			"class_name" : "PoseGraphEdge",
			"confidence" : 1.0,
			"information" : 
			[
				13.0,
				0.0,
				0.0,
				0.0,
				0.0,
				0.0,
				0.0,
				13.0,
				0.0,
				0.0,
				0.0,
				0.0,
				0.0,
				0.0,
				13.0,
				0.0,
				0.0,
				0.0,
				0.0,
				0.0,
				0.0,
				13.0,
				0.0,
				0.0,
				0.0,
				0.0,
				0.0,
				0.0,
				13.0,
				0.0,
				0.0,
				0.0,
				0.0,
				0.0,
				0.0,
				13.0
			],
			"source_node_id" : 17,
			"target_node_id" : 18,
			"transformation" : 
			[
				0.51057917585787183,
				0.85983074083713473,
				4.7872336318061011e-05,
				0.0,
				-0.85983064682360844,
				0.51057914466858478,
				-0.00044250693942458322,
				0.0,
				-0.00040492368608157481,
				0.00018477272654147725,
				0.99999990094791902,
				0.0,
				-6.8860404269292267e-08,
				-3.392981188598533e-07,
				8.5525728824641472e-05,
				1.0
			],
			"uncertain" : false,
			"version_major" : 1,
			"version_minor" : 0
		},
		{
			"class_name" : "PoseGraphEdge",
			"confidence" : 1.0,
			"information" : 
			[
				13.0,
				0.0,
				0.0,
				0.0,
				0.0,
				0.0,
				0.0,
				13.0,
				0.0,
				0.0,
				0.0,
				0.0,
				0.0,
				0.0,
				13.0,
				0.0,
				0.0,
